7800 950
58
39
96
28
99
99
74
24
7
70
59
86
29
80
100
14
82
76
79
4
61
38
74
77
16
88
44
59
87
41
76
46
54
16
95
26
51
5
43
77
89
34
14
91
58
37
20
69
53
40
72
32
47
73
93
21
65
19
13
12
55
15
37
66
94
13
32
14
85
74
64
77
34
3
15
27
25
84
20
79
68
76
7
48
69
45
99
81
24
75
62
32
93
32
22
75
97
48
97
45
5
7
84
80
77
95
99
44
59
66
97
82
100
34
44
79
8
90
98
50
14
51
90
11
12
33
85
2
81
40
31
77
87
76
75
62
93
28
72
74
46
56
23
58
79
81
33
59
89
43
68
7
50
48
31
54
17
73
68
44
11
98
64
19
36
20
95
25
60
82
87
80
19
24
4
59
29
33
33
32
1
26
13
38
73
24
28
40
45
21
45
20
61
28
64
49
92
4
23
59
86
9
100
7
57
88
89
27
44
72
26
85
40
37
44
85
85
26
47
12
93
55
80
39
38
68
20
92
60
56
68
25
10
75
46
93
27
7
82
85
36
1
97
74
96
60
80
25
84
79
65
66
57
11
67
32
29
62
70
90
68
97
67
88
5
1
76
66
91
52
59
79
45
62
77
92
59
7
43
78
88
96
8
81
92
2
69
99
8
15
64
65
38
93
18
39
34
9
69
96
85
14
34
33
21
87
22
96
35
75
73
23
19
92
2
73
89
86
97
4
33
78
59
77
89
94
42
53
45
39
58
50
38
48
94
74
63
76
61
5
81
74
64
34
42
42
47
46
91
46
50
49
13
66
64
8
56
57
44
27
46
69
51
96
17
24
85
71
98
29
10
14
25
92
23
60
14
25
36
47
48
96
63
100
90
10
38
72
85
87
18
6
32
35
60
12
23
69
17
18
57
76
49
62
36
37
24
21
43
4
94
31
22
98
80
50
7
52
7
7
86
14
87
12
11
5
82
91
32
12
37
46
9
18
91
72
48
1
64
53
87
17
29
81
93
88
84
35
55
10
5
72
62
10
32
43
90
37
52
31
55
33
89
32
68
49
23
4
7
9
3
6
88
54
21
69
85
7
19
24
21
47
36
22
7
66
84
99
86
49
83
11
50
34
99
54
29
98
14
45
65
81
29
47
8
99
84
8
89
63
59
84
19
28
11
8
97
67
25
2
65
24
18
59
27
93
57
55
56
68
41
88
94
75
60
41
19
90
15
9
82
77
10
24
91
100
92
23
23
91
57
62
74
12
80
41
63
71
21
15
43
30
53
22
23
71
90
45
69
70
90
8
53
16
21
89
14
95
69
28
1
35
32
65
11
80
14
82
96
19
79
49
69
1
66
53
25
88
2
20
10
48
54
54
2
50
10
58
91
91
27
68
2
94
14
8
98
88
12
43
58
8
49
51
92
42
39
53
51
69
65
27
94
50
19
54
81
78
64
62
70
57
92
5
92
11
47
76
87
58
55
38
77
59
62
2
99
4
63
60
11
58
8
23
27
1
75
53
76
61
28
20
24
51
73
1
17
45
60
82
96
64
66
93
15
28
50
36
88
17
55
78
16
5
52
13
49
69
79
91
36
94
1
26
31
35
15
27
86
61
85
55
45
81
65
47
92
16
9
100
51
40
66
59
6
51
5
19
100
61
53
48
66
69
46
2
64
41
62
80
13
24
50
27
33
1
33
36
40
5
22
34
61
80
40
97
29
42
20
81
31
96
27
26
9
37
89
76
36
64
84
52
54
29
87
28
90
40
26
6
18
70
80
95
39
19
88
87
30
50
74
22
21
81
50
18
97
25
18
96
12
57
100
77
21
71
80
32
93
13
7
89
16
15
64
62
16
32
87
91
50
3
47
86
90
62
32
74
80
69
31
65
22
31
95
61
70
4
75
69
40
56
94
17
43
85
6
7
18
89
3
66
39
28
47
10
10
15
87
59
40
7
53
25
83
42
68
86
20
3
93
13
58
19
51
94
9
31
43
6
57
26
56
91
67
66
27
95
84
86
51
55
18
16
30
33
3
70
35
1
18
21
87
16
97
90
8
21
77
53
2
80
72
81
3
15
51
63
58
18
16
74
2
35
52
38
96
43
89
18
92
39
97
42
89
36
39
41
95
78
58
7
18
31
85
71
83
37
13
16
