1000
966
973
787
456
617
686
679
258
605
871
990
451
561
912
115
520
930
456
683
787
531
881
335
67
712
16
103
330
728
127
851
967
648
884
236
178
839
59
216
955
225
82
858
510
290
198
969
787
781
980
596
798
984
271
736
986
550
507
885
213
51
15
940
583
843
128
880
470
318
799
490
933
511
659
362
995
881
787
600
636
767
258
886
628
511
426
581
406
228
271
926
669
448
879
915
531
351
349
722
958
899
328
200
925
159
99
593
604
640
220
787
271
127
347
422
707
941
586
878
122
947
520
787
483
375
459
454
142
594
467
688
431
269
128
75
858
123
308
244
425
829
575
144
224
362
850
803
949
890
755
251
389
989
959
216
942
570
675
495
294
716
408
285
390
880
497
755
254
533
612
713
241
507
182
246
104
531
47
904
333
653
135
107
790
841
166
118
87
369
32
679
73
220
472
250
865
682
657
910
436
634
391
534
800
484
953
108
411
898
769
427
806
763
175
528
837
991
242
922
548
127
715
711
685
740
507
870
237
589
942
163
298
718
638
438
404
718
985
655
802
290
388
595
590
537
892
781
100
120
964
731
124
55
585
369
434
687
968
794
615
45
696
771
626
827
277
721
658
284
892
933
898
18
288
154
136
674
517
213
891
553
935
155
184
220
695
126
831
806
268
649
855
486
938
344
593
236
866
109
571
889
903
781
776
942
114
633
629
655
26
205
318
772
473
402
640
175
139
366
696
599
714
544
273
352
605
227
183
203
546
743
325
893
210
454
246
334
662
483
708
53
956
661
139
613
855
958
246
218
609
385
512
740
262
174
652
750
690
363
241
87
638
668
224
510
755
671
744
829
945
11
823
986
814
306
922
812
39
352
659
933
927
814
617
558
921
821
547
625
981
568
181
664
749
247
370
325
244
902
41
82
447
150
20
335
981
427
416
206
360
263
693
762
550
967
548
912
142
718
679
58
651
780
271
901
844
272
643
337
137
633
944
330
334
930
788
960
351
788
932
267
162
730
447
866
305
202
704
960
196
566
314
458
365
126
671
163
641
185
14
952
261
866
305
789
261
439
28
981
277
339
18
17
114
903
44
250
866
236
468
59
621
797
453
723
612
662
434
597
588
327
638
921
919
159
871
648
508
896
635
931
81
873
392
955
391
351
147
533
449
612
94
865
970
558
121
775
78
200
130
222
868
771
331
156
525
646
891
606
557
81
738
35
516
388
357
762
465
765
38
349
643
389
241
171
623
414
976
609
629
373
557
639
895
824
989
458
491
249
158
751
880
267
218
611
928
821
801
488
148
659
293
873
365
662
420
738
323
461
824
462
721
917
953
22
553
463
848
516
463
751
163
191
690
984
406
830
270
311
522
54
103
499
243
267
611
260
416
759
722
648
631
197
813
159
820
765
299
397
159
821
356
674
795
661
352
973
309
146
583
484
465
447
111
831
253
328
324
992
669
620
837
899
962
80
224
722
377
779
204
259
174
715
612
35
592
897
200
678
898
289
385
838
864
394
840
511
208
980
910
334
39
56
855
466
605
504
209
822
917
351
569
87
314
208
920
753
690
286
20
380
506
565
906
764
972
337
778
462
189
141
792
914
389
373
548
596
235
278
335
588
161
290
782
907
923
797
477
413
513
881
902
638
248
118
120
935
648
250
605
356
405
88
818
770
49
675
209
529
841
992
631
460
699
413
354
69
677
281
222
312
766
51
321
896
587
336
396
156
150
92
226
674
279
663
407
747
393
758
331
825
382
524
861
725
960
809
503
576
428
52
961
672
701
559
589
64
748
455
971
474
334
639
356
268
887
837
896
719
791
192
753
52
777
61
868
906
168
388
940
522
178
262
496
612
472
456
563
85
18
764
124
240
859
166
986
253
583
316
554
516
170
367
233
670
661
666
91
414
279
865
674
650
260
344
799
463
580
700
919
916
404
79
393
696
144
751
914
535
969
927
354
125
200
574
904
134
915
208
216
284
505
142
549
657
626
540
166
374
624
329
773
136
873
371
734
410
800
112
226
647
215
590
734
759
619
13
519
934
13
654
647
97
547
904
729
621
59
587
281
329
733
241
360
731
981
100
396
129
26
664
858
278
906
597
515
912
706
434
99
131
370
347
205
854
235
399
639
735
255
266
717
51
221
498
972
664
837
339
918
38
553
487
79
108
760
690
529
732
834
554
124
793
750
129
281
982
485
950
673
862
56
437
884
136
913
221
222
347
754
565
300
115
558
938
945
699
503
291
471
148
121
712
214
515
630
839
659
702
367
