100
7718 7213
9177 8098
866 2495
201 7956
1703 8431
4597 3462
7130 6546
104 667
808 4732
5778 1904
3122 8659
458 5063
2173 516
6403 3490
9929 3357
7458 6373
7201 6412
4792 2533
2636 2648
564 3514
2994 243
6781 7811
4495 8166
2553 4059
1950 1400
6011 8220
6865 1148
4752 6678
4740 617
494 7559
7872 1740
3644 7626
3004 788
4964 8731
195 6927
6067 3842
7363 1951
5682 1552
8780 1098
5501 5826
5168 5144
5458 1900
6772 2267
9250 389
2460 1641
1800 7051
5782 7564
6689 3581
2798 2803
1372 5865
9387 4025
8517 5174
7255 2359
326 5984
9534 2445
3405 300
7823 9434
2947 1134
7129 6569
7993 41
8990 368
6556 5435
1535 9748
8676 1572
3992 7712
1302 3235
3435 1049
6072 204
2717 6833
2182 5197
9142 1736
1466 3422
4023 8885
7568 2974
652 7037
2424 1689
8937 3505
3259 3405
3212 4428
4075 818
7035 1507
9410 3212
6510 4386
2659 9442
1982 6440
9176 9271
6867 5370
5904 375
4246 1707
8543 7011
2104 5877
9281 3782
9811 1252
2584 3927
8802 2975
7814 7153
3658 334
7188 461
9290 763
827 6071
