7000
0 156
4305 1012
1364 3358
1593 808
1861 2128
410 2373
352 4204
298 1466
4586 1839
3873 1639
3488 4220
3589 1533
813 1647
2330 1233
4128 1395
2408 745
4371 1436
3863 4882
2462 4439
4136 101
705 717
2504 108
2964 48
3872 3253
3852 3540
2787 1030
3405 2964
4777 3220
4991 1218
3380 1478
429 3861
2476 4408
2549 2866
4765 3424
1693 38
3526 4944
3870 3747
988 718
4567 3920
2946 4323
3446 1439
468 3144
1400 4385
806 1365
2718 4803
871 785
1340 887
2883 2490
1425 779
3048 3698
3732 401
381 298
532 3977
4029 1908
3060 2184
3704 2469
1706 4094
4085 706
467 335
301 969
3364 1137
2851 1272
1829 4185
1572 1574
3282 3461
4514 1593
2393 1482
3833 3702
2759 3617
2058 2710
2979 4402
3344 561
2358 2018
573 269
2743 3367
403 4608
4193 3407
4635 1386
3504 3672
2499 3318
791 1150
4732 1824
633 4934
1531 272
509 4333
2772 3485
503 3344
82 1549
4521 2676
1635 2212
4503 1735
1768 2439
357 4254
3801 901
4614 2467
637 4461
2016 1037
4035 2937
549 3116
4638 2702
1630 2241
1133 923
3452 4980
3148 3458
2703 486
3735 743
1164 4401
3568 2194
4901 772
196 921
48 1894
1974 1819
411 2269
2523 2302
3377 4087
2834 1266
1861 2913
4371 3039
1285 3484
2788 4393
1804 1819
3108 3900
2285 1026
3491 4186
3759 4509
932 3877
1337 1477
3514 2284
4821 942
61 1122
4495 1614
4314 3815
4833 1371
1980 4180
104 1234
263 2538
2113 1
750 3546
1562 1976
2738 1304
755 1464
384 3528
1651 3946
3275 2830
4481 108
1279 4424
3422 161
790 777
2064 2094
718 18
2648 3811
2851 1153
4312 309
2425 375
1835 3320
1029 4018
2606 2093
196 4960
802 232
294 506
4017 4772
575 1066
3817 4900
2486 160
2968 4011
4611 2555
3300 4997
3845 3579
4470 4974
3663 3907
83 1830
1598 373
3918 1300
4275 4590
242 4471
4621 2441
3445 1890
2110 3733
3480 1705
3147 2549
4844 505
4951 120
3082 1780
2552 3231
4051 3179
4758 2492
2426 4980
1195 994
2188 3446
3795 160
3063 4001
2321 841
3172 373
4811 3936
4350 2151
28 1108
2885 4412
293 2371
4657 4349
4298 3606
4906 1063
770 3306
4125 948
86 4082
2803 2344
2195 744
3999 4364
478 2991
3997 1085
2372 2019
2509 3519
3904 1578
175 3023
1459 293
2328 1098
421 3278
4278 1714
1527 2355
4581 3617
2051 420
4042 1260
181 1739
4424 4303
2188 1253
2107 1843
3252 2149
3179 3790
4064 2279
2687 3079
1538 1200
2041 3621
3278 897
4802 177
1618 4473
2336 2569
4387 3365
2073 2912
723 4875
2351 767
1565 3068
4081 2416
676 2325
721 1652
3311 4108
4284 777
883 3735
1379 1720
1238 194
4501 3448
402 3320
72 3094
2907 3854
957 4473
4057 3208
2437 3907
3737 956
1890 4528
2632 4372
3638 1493
2967 543
1722 1765
2113 2867
4568 3395
3689 4977
1790 476
2001 1386
4613 1180
1939 403
2642 2569
2686 1120
978 2075
4849 2512
2893 1855
1878 3943
4574 3405
2867 2636
4646 1144
113 4895
2475 4852
1034 4132
476 2164
305 4989
1922 3523
4326 4104
1970 3277
1375 4326
908 1830
2061 413
4841 25
935 521
313 3184
1362 4019
592 3471
2032 2444
2605 501
4689 1624
4753 1368
3967 4275
2103 2519
1428 3629
1672 2131
2160 4865
1806 2931
3549 2412
876 1622
2088 2415
1780 2328
320 904
4987 2753
2287 4470
4106 2952
2088 1493
4209 2897
1407 3218
4402 1267
3119 227
2370 4113
4337 1105
4889 3342
3504 1339
4529 1180
2392 1764
4039 3038
123 2079
1148 2451
2560 1256
2767 3020
1681 2862
3822 3514
810 4620
2204 3572
2790 2727
2577 3662
4472 2743
3016 4228
2132 105
4724 189
3664 4533
1297 3219
4670 3910
282 481
1796 4410
1016 4723
2932 4929
3959 1932
128 112
3036 3938
2347 2532
3695 4670
1395 805
685 4961
656 1698
774 2090
2488 517
1900 1480
1374 342
1489 4209
1210 1874
2921 283
1321 1969
379 3821
2078 151
3563 2576
2212 3628
19 480
1201 2643
4036 3111
1316 4182
2382 2279
214 3339
3335 2130
1166 2898
1757 456
4279 2912
4194 124
3345 3339
4231 1802
4140 4024
4595 398
1322 2575
3733 3889
2251 1938
849 4455
2363 702
4644 3102
2957 449
2231 184
3489 679
967 496
1748 3122
2184 2872
1514 3472
2055 450
3564 4846
1079 4020
2131 3515
4912 2148
172 3699
545 2972
3068 4480
3045 3862
1597 3125
4356 1359
1306 363
1888 56
1626 4425
882 359
4357 1877
782 1292
2364 4559
2103 760
606 3165
1521 1960
2857 4263
4185 843
3716 3817
3460 813
1781 1475
4618 2076
1092 1209
182 4316
4189 73
920 2618
1416 3145
2733 2809
2317 3935
897 3640
1232 821
4418 4482
463 1297
4471 3455
607 2090
2156 2162
3921 4433
2068 4457
2840 51
4400 2909
1977 4646
4571 2885
3249 1943
620 436
4969 2573
4831 1386
2010 3358
2349 324
415 3793
746 4394
1057 2755
790 3069
3195 4762
4896 1330
57 1302
984 4922
4796 4052
747 2601
1431 3017
2544 1558
1631 3899
416 3424
4453 228
1952 4549
2402 2073
3993 453
3399 4349
1410 648
4545 4055
432 1223
4766 1955
4268 3893
4720 525
3 1409
3552 1189
2000 517
3378 168
3303 4887
3595 3463
2754 1672
3379 2786
1836 1626
1981 482
1454 3966
2681 2729
148 3371
2507 1580
1475 2816
1086 2630
4531 2153
3216 1363
2871 3606
1052 2465
3283 1609
2981 2670
2175 662
2565 3912
3540 1111
2164 4846
3751 4043
2076 32
4657 2708
2335 2323
2718 4136
496 259
3168 884
45 3516
4431 4071
261 700
4290 128
4673 37
524 4943
1449 4755
9 308
329 1210
1521 3852
1972 4041
3711 4874
1818 3911
1004 4752
1821 4632
1388 1855
4675 2709
1345 2111
1376 3614
4396 2683
4250 328
1001 2389
3780 951
3790 3822
3869 3421
3374 3319
1374 1658
1204 1210
2044 3648
2227 1016
1195 3296
1307 2519
3758 4076
3668 4881
4538 3774
816 2219
806 888
4697 328
578 4460
4069 4458
1194 404
3311 4323
4053 3615
170 3763
2613 1416
173 3733
2018 129
1683 3537
4963 2832
1847 1484
4650 2575
4902 2382
1949 1636
594 543
124 3574
1673 3229
1730 1162
723 697
3546 4473
2783 281
1643 4676
1519 3161
4956 335
2913 3769
1973 4269
1719 2981
1382 243
2152 2523
3805 73
562 4268
2968 2912
4069 4346
919 4778
392 3227
3157 2620
359 4214
766 3465
831 4011
2940 447
2035 281
4487 3758
4511 2384
4169 828
2199 2694
1013 1276
4365 2191
1923 3419
367 226
218 409
2492 4650
952 271
3353 4719
130 401
569 448
1169 3325
2726 3341
3219 1747
1840 4657
2212 2212
3821 3652
1731 2900
4656 4453
2071 2371
1314 1488
2098 2294
2585 4658
4766 3471
1362 1652
3400 679
1081 1090
2103 3157
307 1418
4900 3764
717 1718
4479 1103
4934 1856
2630 180
1979 648
756 3370
4300 1956
48 4749
1625 4897
2199 2092
3124 574
2756 2070
605 4006
472 462
1738 1189
2276 412
3539 2441
4700 3036
2595 4469
3897 927
4768 4823
2589 1348
3356 3655
3572 2168
958 3965
615 4835
1517 2750
3891 4926
271 1721
3271 2084
618 2529
4109 2376
3097 2648
1375 2378
3004 4356
4235 531
4348 479
4448 2563
4152 1813
3189 4023
2318 2413
2146 4229
3557 146
1018 2177
4100 1213
4757 1196
2189 3520
175 415
2571 118
2767 2319
1498 86
863 1961
4935 569
475 4603
3999 4864
434 4863
2831 2744
3687 1630
406 434
1862 4329
4003 3910
1458 2300
3332 445
1269 370
533 4581
1904 4883
2557 931
4515 762
3636 2500
2078 1384
1850 4441
2858 4318
14 4417
1901 2224
2362 1986
2666 4467
4782 696
2163 1225
2570 2791
4197 3157
945 2722
1583 916
4801 1865
4441 60
446 3131
2931 3149
3298 384
4028 2093
1773 3841
3215 23
3865 3879
3187 3255
4128 1907
2929 129
67 3247
1784 4773
3158 3178
4362 97
990 3568
3407 556
3255 3776
3973 1469
575 733
3524 2973
1407 4382
3823 2869
3497 892
1699 3935
2624 2333
2079 2497
2624 2707
2870 1290
1916 1538
2569 931
3027 2419
2694 531
2839 200
3408 4245
2555 1734
1945 1822
2604 1354
4683 2431
3979 3509
4991 2327
3745 1216
200 3143
3687 266
2311 3860
2353 346
3295 751
1952 504
2097 844
2868 2623
1709 704
4754 2833
904 3578
4443 2029
1520 4206
2174 2915
3366 1827
3854 2253
145 3210
3341 3224
977 3715
4992 4099
3397 719
2948 610
4931 4932
4902 716
1610 1402
4326 1682
3030 3263
1393 629
4824 2520
4084 1000
646 3413
2206 3591
2034 167
3311 2083
754 2160
749 4247
4498 824
338 1227
3022 3810
3390 3606
3113 3224
66 4134
1966 972
3314 3330
4850 526
4852 355
4166 638
946 2833
3250 2812
1963 549
4546 583
929 4191
2986 4884
2587 1550
1715 1071
673 4870
3487 4381
2412 4246
2374 1881
458 3262
1621 207
3763 4275
4778 4634
111 2033
3446 1273
4303 530
1269 447
2229 4287
17 545
2298 1475
4869 2887
1982 2540
2264 4414
3440 4279
4928 1243
3467 507
4923 2373
4242 1760
1848 4112
2626 2701
4535 2002
1980 2137
858 3296
1735 1846
1509 4281
1216 1602
4858 3006
440 4102
1243 4192
1869 4696
1320 4389
3371 2101
4308 1660
3853 2511
3259 360
4310 797
700 2784
3281 3687
4261 748
1924 1128
3149 1393
228 3233
2573 2756
2058 1492
4488 912
3055 4163
4257 1729
1594 2031
4095 1537
4302 1932
411 2245
3870 1735
3389 2729
3134 1695
3444 4505
665 3349
386 1013
4358 3377
2420 1043
741 1102
3329 3097
3999 4550
2461 3752
4949 1241
3368 4296
1437 1131
3216 1212
2905 384
1313 2275
3109 884
1386 1340
1217 1677
3438 1099
2775 4741
2321 4351
3281 3776
1362 602
3339 929
671 1021
640 2625
977 1061
244 1920
104 1282
904 1063
451 3189
1416 4179
2083 3111
2228 1235
2288 3436
3785 738
3713 1741
4364 4811
4448 4606
1357 1576
4640 4182
1262 1030
535 1781
4851 1811
3020 4058
246 2548
4047 3567
2905 2705
548 1749
2739 4095
1682 3641
4838 484
1550 4853
1564 3957
713 2620
4972 2971
1138 3957
4800 3259
425 237
3527 4023
2425 3718
1202 3064
2612 2832
4068 794
2807 4266
2179 4287
1135 1155
2520 3798
4300 2907
347 419
551 3480
2746 4794
2950 1145
4630 3065
3792 4033
3680 2475
2297 2020
1933 291
3919 1735
3035 979
903 2751
371 2790
4926 4249
2563 1201
3947 2697
4070 2852
1619 2352
4881 4931
3876 1625
4518 1156
3549 4606
1860 1791
125 3299
3490 1364
3010 2355
4580 3996
2894 4372
2526 2539
2099 23
4835 3919
991 3598
3979 4367
3841 729
3219 4471
3733 1353
3622 192
2373 2219
3759 2298
1920 4468
4817 2868
2191 3101
115 3787
2856 1373
4247 3422
1465 4403
3348 3878
4447 2564
4212 2526
4406 1434
1245 2704
3353 1365
1489 4786
2707 962
4205 25
2202 18
2745 842
1036 3708
2693 2493
877 1079
1525 2277
1601 2145
1253 3712
1847 4123
1798 4345
2770 3615
4082 2125
4582 2772
3057 1507
1760 3755
2172 1705
4013 2021
1998 780
1380 239
2010 461
3062 891
747 2899
847 1832
841 1754
4238 387
1654 1294
653 2751
3494 3433
285 1765
3656 3873
1507 2345
771 4774
3906 122
191 2626
2329 88
4400 1239
1534 3289
3684 1034
2311 876
3545 2041
1181 1040
1591 4294
2040 647
2886 527
4341 4614
4005 2358
3687 2308
2255 2371
1951 1549
2828 780
250 1973
2838 1581
4427 831
2503 4381
3865 516
4939 4314
756 3348
2308 3721
3185 439
2305 511
1642 2664
214 4387
4808 3048
3018 3338
1734 1106
3304 4094
3778 943
1941 1441
896 1153
4759 2594
3150 820
4735 4017
4554 2154
2396 4403
2604 1588
3437 3694
3100 2343
3784 4340
1139 2796
3593 2221
357 1174
2906 872
3815 3374
2964 3979
1107 1970
3398 2277
2568 683
1789 2297
2687 4880
3337 623
1080 4884
4608 3583
641 152
1607 3550
3717 3613
3655 4267
3436 1714
811 3873
3525 1971
3807 555
1243 1073
1757 1991
4289 2831
4095 1004
3778 1525
4503 1115
1663 2447
787 1894
2205 2674
965 302
3347 1386
2021 428
105 264
4084 308
3340 767
4006 736
3505 1334
3563 2247
250 3815
3789 2690
4968 4667
3155 4066
4666 2722
3582 3542
1749 1567
4530 4834
595 831
1644 2360
3012 1942
2685 1842
957 122
4739 2287
1106 701
2934 510
2150 4015
2148 613
1913 4460
4448 2118
2669 485
1241 1647
4247 3569
366 4339
795 494
4623 2419
3320 4441
4462 4591
1339 1725
3828 1182
3278 2200
4379 1198
1457 2639
4587 3730
3786 3640
1425 2364
519 1839
3654 2531
685 497
1927 2961
4048 2746
2193 3667
710 3035
154 4128
1715 3593
730 1593
265 3936
2798 684
4403 2725
665 1706
3272 2517
20 1353
326 4213
2352 720
3068 4244
3057 1798
218 3788
4734 4868
3375 574
3390 475
1578 71
1547 899
3331 4093
3480 2292
1985 1136
4080 4905
1577 3981
4059 84
1467 1369
505 3944
4416 1783
2992 3902
3935 3648
1764 488
3029 2488
692 3110
2689 1832
4019 4680
4751 931
2106 1299
4968 3566
2670 4396
3417 3502
258 4011
584 3393
2924 3133
3763 162
1357 4276
4597 1184
1940 699
4895 1783
1470 962
4071 878
2529 1718
2818 2791
4746 4936
3881 4535
3415 1951
2027 4125
3222 3040
1586 1699
1061 2424
1160 1512
3170 4878
1365 4080
3064 1374
2718 4046
3025 2415
2017 538
3099 4002
1842 3088
2863 2387
4018 2392
2434 45
4157 1474
448 1532
646 4033
3010 4154
2673 3037
3836 4619
3167 3849
2076 4088
3754 2439
551 305
83 470
3391 1720
2147 319
3310 4790
440 4315
4989 1856
73 3753
2325 3299
1204 4465
3503 3865
384 2023
4155 4362
3696 833
56 1122
3776 2704
2129 1921
4090 1659
2710 3266
71 3057
3328 234
2972 1309
481 1266
3556 1741
2129 1607
3964 3396
3915 302
2391 832
313 1925
1411 4201
2226 459
2075 3161
3734 4006
2128 1419
1999 236
2970 4954
553 3763
1207 3207
2451 2858
1902 3797
1032 4175
1898 2553
2259 411
2807 1906
3891 2076
4537 1951
2948 785
1453 4707
4229 2756
4548 3393
3844 2429
4216 4740
3007 2373
4502 3670
3582 1920
924 859
3090 3175
241 4992
3191 4344
1761 2762
1857 1539
1063 907
726 1488
3232 820
370 3820
3970 2549
2469 2847
3195 1222
4107 15
1979 189
698 4443
4950 1441
256 234
1495 97
3007 455
397 999
1573 3990
3745 1724
3201 2661
2247 2551
1802 2299
279 188
3741 2696
309 3288
2657 2589
2528 4081
4761 2121
1824 1637
2368 1428
428 3581
4644 300
874 4291
788 59
105 3883
2159 98
1850 3535
1060 2749
626 3934
167 1384
1976 4900
2854 2954
4803 491
876 2350
2904 118
2160 2291
4073 2484
2677 3640
1370 391
2644 2327
2430 694
3525 300
3908 4981
3571 4177
4425 2742
894 1523
629 103
4284 916
2222 3395
3289 3230
3066 3132
252 2806
1728 175
3325 3439
1075 2131
674 331
2772 4296
2363 466
3803 678
2653 45
3358 1896
1709 3928
4718 3015
1926 3239
2972 593
385 3564
700 4509
157 2412
4958 1350
4447 861
195 2421
3800 558
2950 655
2879 3501
433 1991
4514 3268
1373 3005
42 2617
3707 2835
1146 3638
4 3716
4689 2859
2712 652
3279 0
2592 2035
540 278
4954 4248
1336 1452
4546 4564
3420 3014
1214 2867
3252 1212
4682 4009
4962 4811
3077 3841
2704 2781
1034 3224
2870 1324
4524 547
3911 3913
727 4581
2745 4261
2590 678
2985 3405
3912 4647
1473 3316
2074 4828
855 699
1764 4174
2179 933
4323 387
2749 3289
3545 3401
734 4872
74 755
4238 1949
2724 2670
3842 3586
1356 4855
3842 3768
2162 3353
3667 4420
2458 1974
2205 3003
3363 4095
4042 4612
4957 1907
2821 4737
4785 2363
3230 117
1814 415
4334 1358
4208 1311
3251 2232
522 0
4393 1840
176 1963
768 2043
327 985
71 3850
2488 697
4543 2678
3507 2910
4851 3654
1767 2052
4446 4380
713 1247
2166 3844
3074 1842
2034 2382
373 4415
513 3877
3601 581
2688 2606
2158 1118
114 3420
4415 2229
4315 164
4516 2987
1159 3518
1270 3240
2612 681
1256 2546
3590 563
4479 1927
2893 4420
2209 1478
3468 3084
2850 3144
3474 3232
2943 4208
887 1347
1685 3272
628 307
3541 1805
4457 4766
4839 525
98 2745
1441 1187
2353 2126
846 561
170 1935
3347 4644
4916 4624
3099 2414
1318 1748
1190 4669
3830 1717
4103 4734
2397 4548
2156 4109
2848 4782
3785 2334
3414 1
2785 1623
91 3594
1865 3065
4850 1717
2119 2448
1905 610
4292 4983
3550 1684
3921 4492
3277 3069
3743 3849
174 2527
2952 4723
4825 2909
4184 924
3211 2581
319 883
1335 4484
4491 1089
4555 3762
2873 3504
1872 107
1137 1270
1642 2271
1676 3248
1452 3396
4941 4182
1154 2093
4535 3549
4271 439
1876 2376
4282 1317
2590 3577
3501 3766
2944 2610
3550 1267
970 1501
2647 4137
3110 522
1206 3447
3509 3083
3469 144
4302 624
4172 4294
1524 567
462 619
2471 1603
559 2748
1659 1891
1901 4861
3711 1935
2741 633
2791 209
2450 673
4451 815
1995 850
1990 3724
2333 211
695 4397
4703 3382
4556 834
3061 3648
1340 2344
115 4115
3106 591
4733 644
544 4698
4673 1464
729 3475
4891 4639
4164 4053
2903 822
3206 2475
3938 4949
253 3047
4864 1813
284 4486
2124 1678
3622 2167
164 3360
1023 2020
3089 3445
4459 2861
3532 1566
3195 224
3969 2917
1022 967
1962 409
1758 4218
2071 164
1378 452
3410 246
1376 1738
3098 3817
4221 2468
2060 4132
3020 1098
949 44
3741 4715
146 1951
4615 4459
4078 4338
3561 1117
1349 2359
762 1413
3408 1113
4735 1815
740 2542
1515 2883
1818 1122
2807 3471
1298 779
221 327
187 1677
3937 4878
1983 1830
429 262
4999 4687
85 2891
2379 123
1852 4100
2518 2508
3256 3670
3892 765
399 3290
4514 1607
3816 4228
2514 3355
2268 4782
564 4031
2863 4296
3150 3621
2094 1792
1905 1703
3660 3507
506 2857
176 4894
1857 3513
2137 3878
1543 185
3745 3409
2802 235
1448 2619
4483 2617
2316 2119
4733 2248
597 245
4396 2943
2084 3287
359 79
2122 4007
329 418
4397 3990
1774 2746
3842 1626
4013 4271
3282 3765
3692 3925
4671 352
124 23
2037 2573
3239 922
4486 1328
3111 3618
3886 4063
1315 1459
3069 4264
584 3366
1696 4161
508 3278
3099 2432
3262 4698
1756 4965
4582 1550
2216 2965
1493 2736
1618 3955
4516 4099
4141 2475
3326 2674
2003 3513
1118 4440
3868 2979
4148 2967
2767 758
4190 2632
1902 3141
2891 1344
2928 2690
3262 3933
2581 4821
4789 3622
4763 1655
4889 280
1439 4946
710 337
1956 1110
1503 4575
1647 2681
3041 1187
1821 1710
1839 2785
4511 1926
3140 2289
1577 2703
2914 3852
4030 4114
350 1250
3690 3642
3573 2418
522 1327
2576 40
280 1404
4596 4367
3305 4726
3421 696
1586 2524
367 167
2451 3289
892 3817
3494 841
2108 1037
4593 2864
2656 4890
4133 461
2676 2921
2797 535
2875 3419
4525 4023
2913 3274
502 4300
589 4868
3302 1285
4574 662
4513 3059
4668 413
489 3024
4806 2174
2063 1920
326 4519
343 238
2193 3648
1940 2813
2200 312
3257 3673
4361 2706
4667 415
3983 2779
1727 3658
2154 4606
1753 3394
4631 4769
385 245
361 899
4002 960
1122 814
84 3673
13 912
3889 4732
2784 3760
1058 140
2239 1028
1993 912
2186 4209
136 2883
3690 1787
2493 2779
2586 2776
2022 3579
3515 2802
2735 3489
1944 156
4638 4049
1913 479
1849 4192
3502 7
3526 3286
234 3555
3438 2461
2919 4641
316 4781
2654 1450
2322 1028
1976 3531
256 4177
4402 427
355 1839
3834 4631
3802 2224
1563 2567
1291 422
4867 3502
2274 3051
2426 2557
4727 560
3044 261
2572 2749
411 2289
4092 4283
2886 4334
957 3270
3547 3270
3717 2174
1975 2024
887 1635
522 1850
4951 3977
4035 1894
4931 4454
3284 2259
1350 4533
3564 2958
725 2762
1215 2453
2924 15
2042 686
1011 2165
1864 2780
4446 4481
691 828
2723 3296
3240 2452
2831 1741
4801 1039
141 2593
2668 3835
3563 2535
4622 323
2111 3376
2213 4544
1200 2021
2809 1293
3323 2248
659 2360
3930 2579
3444 236
4652 802
2057 2953
2198 1927
2603 4992
2564 2643
829 415
1388 1548
502 653
2580 722
3439 618
3572 428
195 3064
1808 4984
1628 2367
3323 4114
2839 143
534 322
2206 1382
2585 4075
4516 1014
2876 4857
3409 2082
4610 2380
4629 2945
1500 3511
2822 2181
1956 1690
847 1110
1401 1915
1859 109
3545 560
621 1152
2744 608
1808 227
792 4054
4260 4568
2768 4566
1440 870
2784 4671
4569 1902
1753 3031
1177 197
532 3591
3053 3746
3050 4661
3827 4848
281 2219
2676 4564
2172 2985
1875 1423
882 4060
2191 4321
4947 2180
1344 770
226 1887
2027 2927
4738 3149
2213 79
749 240
1741 2489
3721 4921
402 2799
3982 3221
4030 2386
3224 1361
1311 1363
4185 2617
309 2143
3136 3187
4935 2722
1022 1321
2850 2129
369 309
2529 1694
1319 2076
3480 2062
1393 4472
4841 2131
4866 1525
3849 2327
3823 2217
1909 891
4297 4580
2253 3105
2072 3152
4417 4621
4020 4097
2024 1318
2076 3534
1613 4364
3219 867
1481 388
64 169
795 2966
2914 3917
442 2800
404 4618
3355 302
2079 1129
3304 483
2510 2720
2384 1315
2836 165
3679 3010
1803 4425
1845 1862
4696 4707
594 3595
4743 3944
2304 2377
2873 1011
1257 2920
2923 201
3223 4349
658 4773
383 757
1219 2612
1822 4606
849 3303
1082 419
11 2162
3496 2414
1257 3020
2309 1013
1459 2809
3797 4392
4259 2251
2881 2505
4846 3186
1978 2234
426 4349
2050 3608
984 3628
1107 3248
1208 1118
1642 2468
677 3501
4727 3702
679 1557
4760 175
2254 3853
95 4993
1350 907
1046 2079
3159 370
2978 2615
4042 23
3508 1922
606 1648
4004 2948
1823 46
1909 3779
1293 2778
1588 2859
3001 2397
2717 1819
188 4243
1412 2114
3190 4079
619 2866
3362 1125
2469 3600
1430 3288
1599 1786
4900 2626
4672 1366
372 349
2573 4680
2867 1906
3024 1470
531 3949
2594 4883
4333 1225
3349 640
3590 2693
613 1793
4469 2405
4588 2753
4777 1967
4807 2493
4700 2599
2657 3117
4299 1119
3466 1199
4921 377
866 575
2842 948
2445 1512
4779 2123
1899 2413
1127 1504
4178 1493
4011 3740
1365 2090
3540 208
3255 1537
1851 2678
2899 4767
813 275
3558 69
495 261
4837 667
1769 4457
1963 2051
2633 4338
3446 1226
4142 4097
3607 299
3037 2240
2717 3079
4440 3490
3709 4614
4218 4054
726 4836
1887 4564
962 3726
1144 1205
2553 1690
1418 1869
2485 49
15 349
4764 2826
742 2882
332 2249
1107 2591
1454 1643
1461 3618
4573 627
680 2997
1858 3797
4262 4561
2931 310
1937 435
4518 3045
3156 1904
1984 2259
61 2716
3018 4911
3799 4099
4925 2084
1301 2058
3276 3158
857 3727
893 1679
1130 853
2404 4076
4443 4671
859 3663
1461 2755
4127 3583
620 4610
77 3636
1924 4074
763 2135
954 2817
2101 247
211 484
1774 2452
1144 3280
4355 3077
1479 4047
3867 53
3703 3126
278 3329
1816 548
2666 1609
4708 1363
3022 2338
771 2137
947 1104
4609 2930
714 2885
2947 290
3430 3806
3106 3066
3287 3331
3652 4083
3136 3060
3078 1985
865 4558
3620 3774
4312 4882
3587 4867
3714 4728
2787 4697
1905 376
1935 2163
3759 1848
3134 1476
2614 956
4791 204
2656 4154
591 2543
2496 1381
3370 2136
1433 3300
1006 4971
1132 612
2688 4157
1693 370
170 4626
2365 464
4868 2068
3371 4690
2912 1620
1590 2088
1514 3141
4070 463
1253 1085
4617 257
149 3296
4940 1211
1622 4257
3084 463
4709 4591
3136 2032
1135 4872
1445 3832
107 3025
828 4666
2937 877
512 4845
854 1651
779 377
610 1447
2564 1879
3747 4009
3482 648
1631 4324
3017 555
4612 2859
863 685
4912 3461
3653 4899
4120 4242
1545 735
2382 1980
2422 1320
2658 1838
2671 219
4650 446
4790 391
4264 1646
3295 4672
714 448
1669 1456
4625 1978
4335 504
1747 3499
3890 37
3139 3757
81 2561
3933 242
3255 3060
4036 1132
1277 4514
377 4974
141 1892
1566 2410
4759 2048
2066 477
2671 3192
4243 1294
4650 3865
2902 3168
2444 2570
3162 3433
133 509
3794 3553
1836 1066
4365 3293
4768 993
810 2005
2851 4433
282 1328
2390 2241
2397 4843
2542 239
226 1478
4551 1349
654 729
4997 2776
4953 3964
4540 647
1683 2381
4882 792
288 3407
2956 585
4986 3588
2546 3018
4810 2258
4849 424
1933 1550
694 1526
1598 4533
3419 1740
3296 4522
2620 2886
4040 4870
281 4748
834 4771
1998 2143
713 2891
2291 2428
2953 1852
4243 4605
4312 2884
4934 2468
4418 1186
4429 438
4650 3788
2276 2024
136 2964
1774 2083
719 4500
3477 286
2998 1349
681 4481
1814 4488
867 3858
779 4002
3348 3103
2715 4719
4587 4951
2108 1914
3939 4810
2939 3901
3786 2392
1499 4551
4312 1505
50 32
4388 440
3439 318
1319 1616
2029 2269
3418 417
545 2325
660 4378
3712 3105
4888 152
777 4474
2306 1932
2288 857
2252 1236
3724 2856
2476 4242
1859 2470
2415 4091
940 2456
2190 1817
2064 1634
1316 851
349 4181
2367 1244
762 2210
1058 1054
4714 2187
504 3547
783 1970
3617 152
4167 1530
3901 338
738 1648
1101 822
2796 1125
4462 2801
4889 4312
2577 2105
4304 2013
48 3474
2090 33
2461 1343
1724 951
2397 849
3779 882
468 3939
1198 4305
1611 1788
1043 1228
3127 923
4820 2259
2196 1741
741 3358
1855 4332
2539 3338
672 2788
685 3399
2598 409
3126 4241
4741 4489
3894 2564
2030 600
4204 4987
4021 2542
1899 3700
317 382
1340 4375
2342 262
2121 3156
447 885
1198 755
1600 2864
4304 2961
4113 3342
3756 3112
2180 4567
1012 3313
4168 1341
3588 2463
4936 3503
2193 380
3635 894
200 3565
4739 4443
3797 4419
1289 3321
2441 1937
582 4331
468 3202
3791 939
1967 1196
2250 640
2285 755
4389 569
766 697
3552 2528
579 1414
3185 4856
2759 3501
2120 4815
2802 4186
3958 1400
4445 4640
761 4771
1463 2431
2555 4697
4624 4702
378 1714
2128 3846
1841 896
3173 3731
4457 4424
478 778
3211 368
3891 432
106 1363
3435 828
4671 3086
1399 1693
667 3720
4344 2786
472 1819
2111 2421
4882 1252
2223 2868
2311 3138
4259 687
2627 953
75 1272
2101 1233
1988 3185
2211 3525
2260 4039
1287 4545
3512 1006
4224 2666
926 233
1746 209
3326 717
1968 2168
1516 4432
3229 1312
3486 762
3431 833
2321 4528
2378 1956
3956 3167
4836 193
3106 4846
3305 145
2006 568
746 51
2796 4568
4726 3475
682 3537
737 1829
1221 1476
3663 2639
1336 3233
2628 4729
4933 1003
712 2748
215 4361
2276 4709
2070 600
1864 2461
4118 3443
4936 1270
1301 4412
1897 928
110 2402
3176 2056
4816 3267
4323 2544
4305 2455
1366 264
392 4985
2909 4521
4705 3329
1716 4872
2513 4984
4745 2268
3103 2777
1888 3672
2557 2215
4887 2581
1055 1413
4166 4123
3045 401
2560 4653
4905 2861
1185 2013
947 4586
3917 3891
4876 4211
3230 2931
61 3005
1367 3544
3230 1790
2089 1556
2446 4257
4466 4152
1477 2251
1477 3757
3917 4801
2365 798
1662 3963
4017 1503
3612 1752
2825 3175
1699 3724
4784 591
2608 1002
2793 3472
4784 3783
1413 1179
1612 645
542 2062
2853 4171
770 1138
2708 4717
4369 1011
4119 349
2182 2216
165 2251
2863 397
4658 1166
2234 4007
310 1639
1725 2436
4066 2135
1128 746
469 313
2165 3433
176 4010
596 899
1959 4730
846 3530
2836 1686
3392 4584
2151 684
1399 4280
1752 3411
4329 3790
592 3911
2505 4026
3392 301
2890 418
4194 1024
2525 1092
1951 1180
2398 2126
1476 748
706 4795
4385 2721
749 995
881 477
4946 4254
4496 4911
2704 3
3144 3139
1117 32
1093 1817
3747 2309
2730 4369
3953 3570
204 2673
510 3359
3332 5
4506 4447
1357 3277
2747 790
2431 3886
4155 449
2923 2697
1888 2160
4919 973
184 449
1518 295
1138 487
786 768
2921 98
473 3060
2153 2590
1864 1066
4438 334
2357 3256
3269 261
2642 1994
3816 3700
578 1377
4300 4233
139 390
3970 3474
30 4425
2891 970
2836 4469
40 612
1812 4487
2443 2265
3675 3822
4337 3504
2007 2637
1590 2655
2123 4713
2863 544
4525 3139
250 4642
290 697
3382 509
3007 2977
2227 1731
3120 3547
64 752
1791 1682
4384 4283
2635 4494
4679 3211
941 1478
2374 3172
1244 781
4369 3222
341 2748
2937 1263
4124 2527
965 1157
2844 4798
2755 2698
645 4905
1886 1860
1497 1946
3871 4996
4878 630
2581 1908
814 4916
677 3964
147 2768
547 4678
2119 2546
3453 1425
2658 2844
905 3225
2951 3813
3476 749
4182 4275
3540 981
531 164
4691 208
3804 1106
1798 255
4293 3165
1945 4138
3733 2068
2752 3557
2469 2455
778 1909
4175 4937
4030 2723
2753 4025
3781 4716
2267 1217
2201 863
2011 3796
3521 179
80 1127
2728 2114
60 1517
2015 4752
1674 3906
1479 4211
2516 4975
1785 3950
4224 3426
2806 3865
2692 4516
3454 385
3204 4120
4184 4958
2567 2879
4927 4619
1637 2226
2409 4550
2816 342
2115 3818
3405 2334
1363 1693
1901 182
1235 3236
619 4256
1343 4067
4225 4445
2666 496
60 199
4945 2421
2350 31
1367 2692
3672 2262
4519 2829
3275 90
3862 1301
3126 232
1181 1758
3779 733
1783 4907
3440 4702
389 3948
4824 3049
1981 4738
669 500
4081 3110
23 445
3190 3017
3648 426
4379 424
3167 1287
4264 4120
4804 4309
3850 866
4822 1861
3972 3559
34 3368
2333 2332
2977 4646
2353 4758
2631 4893
328 2585
2765 1896
3635 3663
1292 2233
3947 4009
239 4537
722 1147
2173 100
1427 1180
218 1378
1237 3238
10 184
1206 1243
3189 3628
126 4154
3311 2080
1565 2110
1272 4733
3832 2156
3601 4529
1824 3460
3252 525
1026 3205
3728 1972
110 564
3670 4674
4902 2444
246 1410
2679 911
978 4467
2036 3476
4840 4590
4810 3652
4754 1887
2801 471
4832 488
3252 1859
1982 10
3355 3073
2735 3115
238 2589
2396 4718
4184 4131
4884 4633
4063 4768
2880 1714
208 229
4114 3779
1222 4883
938 3863
2453 38
1511 4610
111 489
2224 3833
1281 482
2223 552
1290 1525
2130 2055
1188 706
333 3768
4310 4448
1445 4998
2159 3870
2795 4832
1101 4175
1066 3748
2590 1742
2429 2725
925 3836
785 2910
3766 2115
4985 131
1887 2348
2123 4810
912 4029
266 4058
4012 4791
239 4024
797 810
2310 1763
3887 604
4896 2205
904 918
3643 1991
856 4591
490 3237
162 1609
3583 1530
4788 736
140 3686
1243 412
622 2077
404 3837
3845 3576
4418 4412
3854 2412
3161 3952
701 2476
2977 2355
3474 893
1707 3646
178 887
212 4555
343 3253
1896 3069
2461 1962
2959 621
4607 722
2358 2832
2860 3519
1712 4994
3384 3449
1644 4699
270 379
2285 297
2511 4245
1924 97
4704 2013
4050 3496
2356 2634
4252 1433
3885 499
4730 4875
2691 4223
390 1221
3897 3792
1757 4824
1625 371
1199 4032
3907 4314
190 3438
3606 3189
1591 1245
4940 2845
2200 2928
1479 835
2038 3615
2722 2732
3114 2847
2609 3134
1654 1658
4585 4415
4022 3127
4068 2504
2829 3841
434 256
947 4928
1880 195
2433 2590
2773 4689
577 4301
4337 2845
4578 3105
802 4677
2562 3662
4365 4341
4946 4994
3569 484
3369 1078
968 3001
1676 1717
2184 1759
1702 2369
4716 4062
2816 2838
1103 3933
487 1018
2316 2482
336 4097
3468 4927
415 898
225 1056
703 288
508 2174
47 1806
2346 3845
2026 956
11 4955
2491 2815
1765 4916
2748 3899
3850 2040
3626 3435
1571 2391
1915 1488
4578 4653
1903 2588
4723 2818
1002 4799
1077 4740
4699 395
2989 845
2302 556
3280 3555
1240 2775
4943 4210
3875 883
947 553
2080 3860
3022 4047
1061 878
1509 2605
148 1215
4657 497
4561 3991
1970 3512
3356 3879
2451 3639
71 218
4876 3846
3767 3211
3430 4729
4485 2105
3343 1093
3327 1556
2355 2752
3659 3570
150 109
1164 3718
4092 1290
1737 1530
891 3900
2442 1247
49 694
2037 348
1195 4697
3779 4536
3675 582
4507 4084
3002 357
235 2738
20 2637
4736 1571
4907 1073
3854 1488
4357 3720
4529 4286
1564 1391
3769 3440
4867 4304
4048 2052
2152 2550
2875 1617
4391 2209
511 1541
2905 123
1063 574
1235 1658
3459 2589
3703 1979
11 369
4048 2641
1578 2331
3727 1552
4541 3355
755 590
1090 2143
1177 1430
545 3777
1554 1376
706 2399
2048 2246
4460 185
981 1604
3134 37
2974 1889
4319 657
4026 4234
3162 3940
3134 26
2354 838
1327 4505
2292 3134
215 2937
4167 4789
3411 1179
4942 2786
442 3658
4466 3647
4006 3088
1211 3030
2675 2444
4354 2104
2419 1008
1204 594
1554 2536
192 2691
4965 4826
922 3242
4726 1250
4013 2878
469 1040
4711 2033
4115 1371
512 4987
4824 554
4278 1389
1272 2861
582 3913
4618 1800
4264 1973
1772 4881
1431 2669
4815 4161
4389 1387
3687 3127
3243 727
505 1711
3144 2673
110 2474
2417 185
2715 2272
3063 633
751 4937
1359 4741
3282 1776
2545 964
2589 2940
4838 1478
3788 3943
4242 2193
4590 2902
2909 467
3559 272
14 442
1485 4134
396 2176
1722 341
2439 1989
1612 3046
2931 2696
3334 2430
2889 3653
3821 2669
4570 1779
4563 4437
1173 987
3443 2490
1954 3685
1938 129
1734 4281
2313 3597
49 847
657 689
1413 2384
2869 4141
4437 343
1964 1582
3779 4333
1300 103
174 3186
4583 4733
11 3797
4769 1381
2209 1421
214 1020
1357 1332
2686 3186
2370 3038
3095 3070
3139 4450
2054 2752
2904 4697
3627 3383
339 499
1874 1354
1589 2266
1056 2752
4729 2358
1607 1645
3399 4167
225 4007
3577 1942
3708 304
3743 2542
2378 1069
4908 1520
215 988
3252 2227
43 3310
4335 2847
3405 2613
4144 2538
958 239
3439 4104
511 2931
3138 1868
1073 1483
4730 4660
2499 2429
941 106
1614 2095
3153 2633
1912 3537
3289 3856
198 3171
4170 278
4773 150
3558 4475
1027 2771
3393 2175
1553 2465
1930 3924
4130 2167
2790 1238
2198 2120
1130 3430
3675 2390
3446 2529
225 2662
3717 4959
345 1098
4890 4897
872 311
942 504
2770 4752
985 413
3316 49
3172 4187
3027 1109
2374 1631
1956 2013
1866 2165
1200 2021
501 1652
1746 3207
3125 363
4000 1554
3183 2011
2611 4521
2797 4
2459 4413
1748 3364
2904 3067
3148 960
3667 4683
4739 3998
1940 4823
1093 2919
1592 4883
3174 1148
1586 2594
2994 4352
1948 329
2375 129
1918 4284
1013 4307
1130 3814
359 1275
933 1479
1036 2004
4215 596
2781 4701
3335 3341
2151 4249
2023 3701
4457 2868
3369 822
2698 660
2235 4543
2434 964
1732 1181
2874 1699
4585 3843
631 98
1536 2823
3902 4529
103 2878
1040 3305
3339 438
3764 1669
4427 27
1489 4365
4235 468
4498 2474
178 2641
4968 4434
1011 1872
1052 2419
3394 4217
522 1488
2360 2216
1705 199
4027 1892
693 2577
167 4063
53 2642
505 4242
543 3894
4840 1687
3548 2435
3356 4399
3226 3658
4727 3094
3610 3657
2889 3480
2126 2803
4571 2352
2294 132
950 4326
4559 3489
3049 2242
525 1589
1724 552
2038 416
4357 2215
2891 2639
1613 919
2098 4958
3868 1663
4002 4560
3171 4004
1682 2103
2848 3505
1407 4898
3101 3196
2100 214
2232 3081
79 4879
4317 1996
532 3592
473 2362
3462 4631
2063 4632
3113 2859
439 4473
1072 1225
4105 1990
4568 3153
385 3525
2673 4522
4975 2848
4414 131
3977 4762
4007 838
4280 437
4721 3789
4390 19
4086 4412
4081 4298
4442 92
2459 3497
4057 1703
321 2466
302 420
3893 2842
2615 3481
3329 3956
4243 3819
561 546
2987 4743
2379 1569
2445 2075
828 654
1479 2437
4309 4
898 2588
3962 783
2582 999
1215 4289
2542 4074
3600 4462
642 704
2190 3520
969 63
278 3773
3091 3825
4141 4911
683 221
3021 2312
247 3610
1657 3165
3931 4482
0 3461
1663 1070
950 145
4089 4988
3247 3971
4056 4574
2849 4870
614 848
2434 2860
782 2268
4862 3814
555 703
2718 619
2886 2293
2298 1525
1635 3112
1638 3737
1708 826
3454 1546
1883 4739
92 4533
3049 2929
3862 2664
841 1365
2356 1303
2911 1209
4602 455
2322 1700
184 3777
4785 2298
4670 4155
3742 4020
959 3896
3513 1131
2418 3833
2005 607
4907 1889
705 3056
1052 2886
953 6
1382 2674
1722 3739
3187 838
385 2091
4203 2567
4222 1890
4479 1455
1628 950
1060 1299
3269 4802
1304 1177
4676 575
1983 4358
2996 1700
2505 2852
1896 3368
1867 626
4848 4901
210 4797
3286 1463
2068 346
2366 3790
4696 153
3305 850
1054 3389
2552 1610
3334 1573
4259 3328
4123 2839
3788 55
3576 1204
1253 1250
2184 3889
313 1690
26 993
3708 101
4595 3053
3275 169
557 3306
3430 3871
1070 2684
3334 3275
1498 1848
4256 3255
2648 807
4834 3771
1883 2910
3251 1654
1717 1271
1533 3058
1760 1917
3472 3996
1109 4203
3901 2653
4563 297
3298 3366
2253 1780
2975 3476
3554 2656
2311 449
2394 4317
780 2949
2312 4269
3755 786
870 1657
2313 4905
4299 3885
3545 4843
4455 4887
4083 2320
1483 1838
845 893
1762 3354
4224 2841
2022 3478
207 705
1712 2000
4162 2144
2011 2909
271 3054
1061 4013
1849 90
1298 2044
4028 39
993 3779
1553 4702
3348 4971
649 1211
2774 158
224 3953
4188 2624
3871 521
2469 68
407 365
398 2783
1948 1070
4722 2380
4727 3419
1176 368
4169 2682
596 2126
1934 4783
4459 3062
3928 2284
4478 24
4507 1347
2106 2232
3366 2098
48 2308
2833 1073
4154 4173
4574 648
303 878
927 1656
2120 1659
2352 1577
1656 3757
3736 2002
1378 810
3538 279
2083 861
996 1512
2594 3269
2899 3343
3347 87
2645 2181
2226 3691
576 807
2269 3707
814 3515
2080 2547
1103 1229
1078 77
3365 249
2937 4239
3980 4564
1811 657
4003 2889
2236 529
816 2861
4780 2350
3945 1059
827 4275
4024 3768
1100 144
149 4665
3772 3490
2089 1848
4285 70
114 2869
230 702
1394 2713
900 2479
3234 874
2381 2634
4605 4965
276 620
3719 4526
3434 193
628 4955
3292 4542
80 2728
4680 3775
1119 4346
214 298
1166 2658
1619 3880
3558 501
2604 4468
3781 2814
4145 2034
893 4668
4281 3997
1850 3857
793 2039
2739 2995
1356 1335
2147 2277
2051 1517
3139 339
1318 4900
1598 1868
2731 3781
4894 1906
1192 4849
1132 3011
3407 9
449 2688
4756 4161
1105 4778
912 1737
4347 4718
3820 35
3281 4842
2898 3658
2239 2146
3564 596
4374 2201
1458 1744
1463 4112
1949 1921
1161 2719
815 1665
3182 444
3178 369
2148 2469
4068 2537
1084 159
227 230
803 3901
4001 970
1648 2789
1439 1681
351 4815
2958 434
968 2504
1176 4062
135 145
1780 938
3141 60
4537 4456
3528 1564
2800 4021
223 2554
1135 1587
2424 4890
1904 3050
3736 991
2941 29
3277 318
4656 3844
2750 668
1190 4729
4711 450
1481 590
3517 4363
2342 836
1690 1148
1916 2094
676 3342
3118 3853
1248 196
2918 3327
14 1183
4586 94
4789 3775
1239 2295
2794 398
321 2456
1937 747
4859 2212
1641 1882
3616 1499
964 4761
3487 3993
2998 2168
3766 1850
767 4158
3120 4056
1133 3494
1406 3906
4414 4700
4664 2439
3723 1686
2918 855
4251 104
1625 1224
3984 1850
3898 1017
3576 397
1852 3281
4381 1876
1684 482
4865 3071
3350 1319
1885 3759
1946 1073
4572 2063
4151 2252
4801 2732
4344 3619
4483 4540
1253 1873
1159 4203
2243 1536
4639 499
3614 4851
3662 3515
1493 4726
2816 180
4216 29
1202 3516
3269 3782
572 4286
1186 1040
1934 4936
977 4515
851 2028
2982 2235
2918 4580
1221 2784
2158 1968
2641 4923
1315 1340
3831 4642
4285 685
1091 3926
2157 6
954 1799
614 4245
4520 4439
2668 2901
213 2391
1966 2495
818 4213
3155 4323
1918 2063
2028 1156
69 1045
4457 2804
348 365
4328 1739
4113 575
1965 1171
4094 2467
790 4268
172 4409
1189 4434
460 1172
1830 2819
3534 3540
4903 478
3934 4255
3035 3866
4297 2093
1845 3566
3713 2111
3391 2447
3187 1375
1979 659
298 707
79 1137
1425 4242
3324 547
1145 4861
4832 1833
4665 4775
338 793
388 1823
1856 358
992 3272
3875 2488
2610 170
2310 3869
2982 1548
2695 2819
691 4017
355 1086
3826 3556
1540 451
2710 2539
756 322
2514 1306
775 3719
2911 4803
3058 342
3085 1113
2586 1635
1737 4914
2313 4017
2935 147
3748 2706
4913 2477
1379 4803
191 3297
4946 1564
1610 3367
4774 1026
151 349
1669 3411
1653 812
4099 2984
773 3479
1656 1275
1809 1791
19 2856
2245 53
3914 1075
1121 3741
806 2429
600 741
4291 4505
318 1581
2450 3636
408 2950
2618 4728
277 45
328 1900
1519 4558
1405 4878
4557 1328
2435 2304
4879 2972
1111 4385
987 3043
4178 3559
2397 4490
1965 3096
2323 1498
4738 4796
885 3979
2358 3229
963 275
4984 162
52 4867
3792 4120
2726 4129
1961 1233
4571 4443
2395 4799
4698 3195
4931 2240
195 4476
1997 4364
2128 2512
2981 3106
3947 2138
3767 178
4405 1853
4196 293
3365 1250
2418 3877
79 879
1387 467
4817 3829
3965 182
956 4588
4388 1971
869 1957
58 3536
253 4094
3916 4115
1724 4956
3864 2544
4815 2708
1985 4269
718 1882
2524 2230
1391 2337
3893 2784
3882 4324
1160 4104
1981 188
1767 708
3564 4521
3460 4046
3233 794
4668 329
1114 3789
3808 2996
4919 3347
261 3523
3637 1263
991 462
2457 4343
3051 2915
4794 2947
3459 836
3506 543
4173 855
4685 1083
1155 2528
3619 2242
2754 1204
3779 3822
3899 4908
960 1856
3828 3935
911 223
1342 3060
85 2815
2823 2543
349 549
4482 353
4782 3777
1604 4273
2908 1886
3735 3821
4976 3143
1080 3151
1145 4068
3576 2356
2694 3897
375 843
3599 920
3741 2714
2098 3748
2560 307
3106 1807
1990 3333
3574 592
1946 2274
4172 3503
3433 966
1886 3282
2945 4535
4406 2369
1420 120
3396 2713
488 4036
21 1838
4989 317
2337 3216
2006 1796
392 224
2883 1158
1163 4270
978 626
1681 3834
4125 207
4948 2522
2037 671
4521 394
154 3682
4853 4123
2639 2757
766 2793
3533 4964
657 2369
1295 4553
4299 3136
3204 911
2347 668
2370 4546
906 2105
1323 992
775 803
2435 3829
2215 3639
1640 4230
2371 1524
3192 701
3687 4926
4456 3956
2928 2439
951 3075
1683 1703
3136 381
436 3224
2679 3707
4584 3873
2183 972
1994 3145
3608 3233
2977 1432
1879 3650
4771 894
1402 1017
3903 707
4484 2794
1038 4733
1888 3811
4168 916
2001 3057
2260 2952
1357 2235
2716 1023
502 1001
2251 4644
417 59
2063 1925
1016 4537
4387 786
4414 1307
3799 3935
1983 184
2888 637
413 165
3142 4591
3263 3134
3162 3446
744 3707
2569 1766
1714 135
1205 476
3113 2436
4495 2100
3335 185
2071 2332
2265 3626
3024 4735
1960 3034
2397 1616
3221 2491
4760 375
4526 508
2002 878
1072 1157
3677 643
2899 636
4533 893
2337 446
60 2767
2260 4592
2190 4243
2881 4483
3496 4563
1062 1457
4498 4211
2399 3100
4941 4741
2536 780
1153 3996
462 2067
2839 3523
2772 2965
3925 1228
4120 1125
3310 3564
357 2460
2627 2806
2079 4838
4395 1200
2577 3766
139 44
425 1253
4370 2993
3178 252
1507 4128
4927 3376
4118 2602
1693 790
2089 1890
4887 3461
3563 2958
4332 4194
4780 1889
3567 106
2168 3757
1434 1480
1287 813
167 3165
3500 4259
1478 931
2469 180
3370 1476
3845 1404
1659 980
2747 3366
1450 3397
4903 3243
31 902
3564 2937
3945 154
529 2674
4202 4320
921 3294
4883 2004
2545 1499
1603 526
1962 3635
2585 2210
616 4784
1312 3607
636 1222
1013 3827
1181 541
2441 4394
2407 4971
2700 4304
456 4718
4091 210
3036 4343
3223 2893
1489 1498
1862 2450
1423 3555
2256 875
291 3921
931 1948
1512 1103
1171 4599
1010 4802
691 2184
3255 4594
2212 1329
192 2982
951 278
2645 892
4227 2905
80 4873
4701 817
805 1581
4959 2223
997 1325
2436 2482
2143 3730
4909 2515
2772 4806
3048 2490
1569 983
2753 4456
247 1892
1273 3854
776 4953
2324 1069
2831 1064
1709 448
3577 1930
1159 455
3127 833
4389 4889
314 4903
603 1328
4613 3160
1921 4232
1325 897
2483 1364
3397 2197
3189 3471
4469 3615
2337 3365
4022 3344
3617 1863
1722 1399
4212 4230
4338 2612
1993 2056
4827 502
2019 1747
4445 1297
3861 2033
16 3671
2453 4188
4683 978
1472 4866
1786 4045
4477 2727
2696 3811
293 1288
740 4362
366 1656
4556 3153
2089 71
496 1481
3315 1430
4946 4482
4558 1220
3648 1218
1606 4514
1411 1641
2534 1979
1798 3488
4347 4042
2665 3393
749 651
4648 2771
3758 297
968 279
3161 3224
3155 3876
4038 4993
3558 1805
3842 2822
1745 3029
1775 3380
3153 3924
4429 1953
4596 4269
2939 4151
2505 1843
3136 2582
976 1158
1416 2168
3030 3140
333 4012
4651 3799
4126 4002
2492 1186
686 3573
2347 1175
2684 1280
1746 3889
1851 134
1286 3789
1637 1846
556 2747
4745 417
771 1631
3260 3739
2463 2213
370 3130
2846 2442
3909 1977
3720 4371
3200 908
2008 303
1946 3159
1295 3928
1135 71
3988 4528
2216 2875
4928 3515
2010 3193
3596 3877
2098 932
3252 4305
1677 4480
1620 1073
4106 4391
3984 1938
3639 2966
797 2639
66 3416
3169 2762
256 3517
839 4044
1840 4937
3492 388
502 651
2528 161
3630 4122
1650 2550
4298 167
867 1039
828 3670
4789 3289
3396 3590
2301 2987
439 903
1001 439
3831 427
991 4972
3065 2684
3887 3432
4937 3233
4161 325
1448 3138
1173 1410
4922 496
1498 3765
574 4193
2406 1657
3004 2324
3621 3730
4352 3925
693 3336
3116 3959
4612 28
3838 2722
3517 1544
4169 2088
3604 1793
2032 2262
2606 1675
1874 3978
437 755
238 2293
2873 4100
2138 4418
375 4828
982 240
410 4156
1009 475
2886 2004
2494 3611
4552 2447
1191 4064
4482 4562
4755 227
3996 464
123 2326
626 3590
2100 1255
1992 1508
4614 822
1694 3819
2395 2059
584 1932
2047 4541
3011 3769
2762 862
3928 2694
3141 1716
3936 1210
1879 223
659 1224
1277 457
1022 3929
3834 1318
331 3596
3388 3191
228 819
3549 1047
3911 2025
2410 3923
3203 3273
3759 1941
3345 2666
1294 3299
2622 1893
3557 4889
173 3729
3584 1489
1598 3511
3503 4674
3224 3909
556 3884
2140 3524
2294 3322
355 1124
4916 4593
2691 3543
4994 1266
4270 1569
1067 2772
4711 4345
2833 1321
2385 4082
1935 1747
3341 4151
4560 467
770 4819
2355 960
2110 2207
4367 4453
2144 2246
4025 726
1721 2683
1367 209
2936 2442
2018 4799
2892 3877
642 1065
4406 4715
2859 755
3256 2742
852 4796
2836 2526
4163 3185
3333 4718
3399 4466
3772 4735
837 4698
1556 3875
3166 2093
340 2148
2844 4745
3366 3380
809 121
612 4386
4527 1243
4361 1258
1611 711
4051 2060
498 25
2519 1486
910 2836
1999 4266
3095 2090
4473 383
1074 2197
2246 1381
1385 3678
853 3321
49 3944
2647 3183
1750 4142
693 1748
1466 3218
3811 2278
21 1650
4896 519
1312 3495
850 2839
179 1686
3763 544
1160 2752
4183 4660
4620 3370
3586 1748
2968 2440
4418 2521
981 3587
2301 1340
431 4273
1280 863
529 3934
4205 2401
1905 4824
1615 3784
3111 472
3736 2775
4888 2941
1446 336
3668 1296
3316 4283
2064 4968
2098 143
312 1917
252 2242
3915 2787
384 4330
3964 3454
2704 297
2882 4661
2852 1759
4556 3638
4717 574
4108 3901
4095 585
3791 635
309 4131
2725 342
4128 123
4477 4674
1627 1736
2714 4623
4817 3019
1407 2489
1166 4948
2327 294
382 2748
3815 4577
3043 2512
1065 3724
1957 1413
4390 268
3344 2071
3228 1827
1212 2858
4849 601
4525 2187
3018 2599
3037 1100
3079 4021
3881 4673
1212 3467
2293 4067
1835 4885
1072 2242
3392 2452
4623 2652
4007 4778
4720 1463
4742 2143
1320 77
4443 1646
3058 1035
1405 1484
3269 1570
3342 1738
3652 371
3401 375
3939 4357
1198 4362
2173 3493
4112 2081
1450 2965
323 4454
248 3242
1327 3461
4690 4836
2914 2961
2356 799
4844 3001
3503 1254
699 27
1800 518
650 1666
2939 3588
1132 1009
734 75
1642 1562
1562 4841
163 287
4257 925
4932 2408
3822 1520
1558 2898
3562 4075
697 827
1495 807
2793 3982
3161 1166
2603 2443
4177 3058
2501 1032
2157 872
4787 1796
3846 4598
4489 3968
4589 604
399 61
3485 840
3311 3015
3837 3540
1714 590
4767 4711
1409 4396
1086 950
1798 2262
4804 394
2814 3840
2859 4848
2742 640
1957 2382
3407 2897
2605 951
459 1952
711 4837
2751 3073
1356 1946
1036 4874
604 1274
2471 2770
2443 1078
3660 129
4235 4551
1216 2044
274 1047
95 2903
4316 2166
1161 172
3179 3214
733 3067
4798 1879
1094 1033
311 2124
2195 3213
1061 2636
1045 1304
2614 340
1506 4506
4152 809
3496 1459
2852 3589
1823 347
4106 1753
1138 4597
4702 1223
4735 2842
2313 1663
1199 3064
908 1985
4115 2096
2954 4762
1337 2902
497 102
1545 3308
3502 782
2083 1103
56 1673
3294 1686
4280 2773
862 677
4080 1381
3867 169
2083 215
2566 3533
4371 4516
1109 4965
2868 2447
1692 1173
3506 4309
2875 3903
3498 2407
1045 3198
2367 4574
267 2590
2553 684
2001 3623
1734 2673
2424 3392
206 4886
1333 15
2936 2783
2879 2215
2153 4312
4599 428
2571 4483
2485 3110
2619 4950
1093 3166
1282 1648
3891 680
1409 4773
363 4347
1602 1661
2589 308
41 4357
281 3284
4859 4930
4522 1194
1923 2810
1684 681
2137 4726
256 2204
1607 4009
4578 4637
4311 2329
706 530
3095 3155
896 4464
1138 2485
4438 3168
2217 3639
3830 2320
4408 4178
1523 1204
3060 4218
3717 2648
164 1716
3956 1912
3474 1505
489 4439
4982 1126
2642 3668
4625 2772
2688 1293
1308 1862
937 3675
4624 4068
3043 4304
1868 3828
4757 3497
1209 3643
607 2751
3131 4711
4248 2413
3494 689
4459 2608
2838 2630
2021 3575
2778 4395
3969 2856
1599 4090
2941 2985
2423 3310
620 4621
3541 2258
490 1283
1783 20
1403 3112
1027 547
4683 3342
4207 1143
3761 2378
3437 1507
1554 685
4098 2624
2108 2878
9 1042
4198 1709
3035 358
905 1861
1742 2925
380 4720
4959 1113
4295 1558
2361 3636
1704 3783
422 3772
2306 191
3354 2504
4345 2385
4897 884
3617 787
3055 2172
1346 4910
1151 534
4881 2814
4803 4364
1475 924
680 3512
1615 1619
4157 970
4642 2277
4209 813
650 689
178 443
3885 3015
1250 1433
4147 1714
767 4509
3912 2102
3725 487
172 2475
2072 186
1213 3960
3656 2636
4833 2528
1953 2119
722 1817
4907 829
985 1718
2514 227
4058 3869
3998 352
3489 1494
1692 2663
4316 2256
4979 3196
1042 4041
3912 4082
2422 4849
3361 2734
4563 4219
4804 4230
58 4847
4119 3713
2147 4327
4984 1835
4140 3192
3750 2553
576 1664
2892 3820
2866 3794
1397 2966
3396 3913
1701 4823
3323 1563
4034 1881
557 2334
280 2030
654 3267
714 685
4612 2770
3224 325
3794 1186
878 1777
3481 4465
4946 2745
2764 4590
1733 432
4781 1695
2835 1254
2526 4030
4682 1979
1708 3213
4467 2823
3407 3429
826 4292
495 4500
3886 834
3077 1
521 590
4418 2840
1948 1783
99 1975
2003 2556
4382 194
724 2300
4031 4127
4077 3762
1051 3901
1966 1491
2101 1137
2856 3411
3552 177
4638 3576
2434 3745
2582 389
4742 436
1505 852
3853 2728
491 2628
3027 421
4792 1966
2231 688
754 1789
760 2149
894 494
3414 1650
2470 3248
4183 3663
4163 3843
2703 3475
1732 1398
4946 1603
4744 2455
898 3085
2745 268
3184 1588
481 4332
1906 4497
3017 4449
2150 1406
2885 4871
1912 4679
2599 333
4424 2021
2161 2005
110 2205
2406 2668
4668 1395
1304 1666
996 3733
1580 1421
3960 1112
4248 3559
3231 3295
3933 3956
678 827
3085 2238
55 4389
3441 2528
2953 521
4347 3511
1274 4899
3805 2080
2682 567
4343 1143
1801 4815
2076 3362
1104 4612
3566 3883
1767 1771
1338 1357
940 271
160 2790
3189 4397
2458 4022
91 2633
2450 3888
3203 3476
4896 1343
1907 579
531 1120
3856 923
1577 4694
2007 911
1922 4620
3470 1572
2829 1522
1673 298
1289 4300
4556 2774
4378 332
2797 32
4217 3741
3297 1807
4411 993
4399 3593
56 4407
597 1106
4696 349
698 2035
3822 165
4684 1296
773 3154
755 2173
2167 2118
283 2043
1196 3303
4672 2594
3410 3752
4345 716
847 394
1356 2476
1621 1395
3347 3862
3309 1585
2847 3212
4783 4990
2144 1492
2300 3779
204 2862
2005 4175
4391 4182
2171 1108
956 3401
4805 4683
4529 2982
2470 2739
3118 795
2444 53
1323 2147
1559 990
767 2875
1341 3644
2975 4667
4306 4756
1179 35
3530 976
3793 620
3829 3248
3531 3735
4195 2374
2419 3336
2307 50
4164 2823
3261 926
1631 3366
854 2479
3410 2659
1046 756
4696 276
3454 1269
3981 2067
2982 608
3288 2241
4960 553
920 3084
3389 2740
1977 3460
3154 3174
3113 3534
3320 2138
4268 4380
4867 1296
1367 2402
2466 1032
211 4731
1171 2331
3049 3033
121 3733
570 4382
1621 181
3286 4138
211 1779
2556 1993
2570 1790
2727 3606
388 4394
2122 1500
4538 4012
1873 145
182 4258
2820 1396
3650 783
1965 2714
3219 3594
1221 1830
2135 616
2431 2788
3500 563
3898 4525
2883 4403
4906 4422
745 972
970 494
3071 3527
3801 2133
4790 295
1210 586
1850 3295
3449 1592
4065 1010
3715 3830
2087 1674
1802 3132
3113 244
1138 3598
1183 3345
692 3065
4188 2731
4482 1580
938 4069
2666 2813
2906 4084
4461 4573
1496 365
4365 853
2964 4379
4416 4077
4334 4496
1481 2468
4920 2053
4799 3710
4328 4779
269 2322
4029 3110
4217 4431
875 1195
623 4837
2157 645
2042 2578
3077 1316
714 2386
3737 4677
2579 719
3992 1552
3195 1299
807 2296
796 1309
3941 3694
2958 685
2098 3122
4625 3171
2883 1787
1467 4058
1187 74
3814 779
1850 4305
2641 3783
3718 458
349 1358
3448 1640
310 3330
3677 2361
436 4799
1410 3907
2225 2347
3736 1361
3047 1380
4229 4059
635 4533
4657 2546
27 2304
2836 1311
4429 3339
3759 2854
2761 3050
2350 4887
2832 471
2447 3711
413 4536
2890 3065
672 2204
2804 3997
4714 2088
4448 2550
205 3522
3243 3316
1322 2236
822 3146
4504 54
3228 575
2744 2303
2616 2747
2410 2831
2052 2889
2816 2828
4301 2642
46 858
1676 4782
2748 2782
337 3130
3893 1489
3635 2713
3732 2610
360 4446
429 3628
7 4910
1114 78
3426 3002
2330 3727
3440 1515
121 3937
1327 2940
1231 4610
1243 41
3161 398
961 2996
2059 2100
3541 1149
3680 2415
768 3680
3912 4466
495 4726
1578 1789
1228 4764
2521 4677
3576 1288
196 4080
4420 3088
4255 467
910 3681
4858 1327
2650 671
1700 2225
1683 4109
2979 2593
1131 3139
799 3677
4605 1467
736 2304
4734 3472
4553 400
440 3984
1301 1423
3797 1046
3283 1139
3601 2185
4631 1415
4000 1008
1457 1935
2799 2162
3833 1038
298 3948
1077 3070
766 4156
3077 944
4923 891
1636 3823
3028 1459
2083 1089
4439 3600
1624 38
751 4615
2165 957
871 190
1609 4507
2644 949
3836 2599
1885 1057
3874 160
925 4394
980 1482
39 118
3619 1071
1352 645
1585 152
1096 1364
1725 1280
2315 2612
36 4704
1391 724
4078 1420
2986 1193
974 4077
4271 3244
2458 3164
542 1361
4715 2146
592 576
1995 1475
1440 3554
4235 2639
3280 3782
176 4683
1760 393
3708 1860
951 1449
2424 2356
1610 3695
3622 4226
603 3116
4239 1002
3593 1812
2445 615
4356 3015
4894 2570
333 2275
4854 4533
270 4123
2705 769
1071 4755
1538 1082
2211 2529
1850 199
2318 4333
548 3753
3794 2108
765 3298
2570 84
219 4023
1374 4516
2089 91
1090 3975
3656 3766
1111 4488
4182 763
748 72
4774 479
94 458
4199 1039
4925 4062
908 320
1520 483
2728 378
3482 3090
1981 3956
3950 3485
4994 2978
2786 899
1242 225
4614 803
3619 1593
4806 3296
2552 2614
1788 3058
2954 4166
264 3919
4249 3539
1225 2333
4958 3273
851 322
4564 1453
1658 4660
1661 3375
511 372
3605 752
4355 2824
4167 891
777 3959
1901 4502
1750 4479
3238 2075
181 14
511 4977
118 577
1427 3714
2716 3849
2691 2007
1335 4102
1784 1627
368 4794
2129 4139
3676 4133
3117 1990
4707 4168
2740 2614
1699 198
1816 464
2541 3540
22 3155
174 1961
247 4137
633 3319
3976 563
2084 4206
1700 1284
4481 1647
3589 1132
683 2143
1901 3929
1159 3612
2879 2871
622 2022
2094 3233
1221 765
3502 3545
3132 2062
3671 2683
4670 958
3923 1521
275 3690
4382 4097
984 3487
148 4432
3250 3092
1094 1448
3210 4554
3016 649
4771 3084
4116 2486
1117 3036
2061 3574
499 284
3092 3192
3415 1570
929 3733
4542 2602
4448 23
4031 2951
4363 3690
4015 2050
408 4990
2454 1838
1743 777
2663 2848
4570 3531
3138 1778
2200 2621
3545 4857
4044 210
3967 2538
1280 502
786 2320
3154 2220
3789 2753
4180 514
383 2911
3699 703
4001 2886
542 2534
81 2102
1783 4877
4210 3495
810 2017
3308 2843
1203 3986
1946 3821
4151 4589
2172 548
3397 2050
1441 686
2935 3461
4522 3400
3960 436
1475 2696
3784 4658
74 2967
722 3238
2274 4767
174 49
589 129
3383 471
1482 2959
1610 3203
4131 1317
4715 4077
4188 4620
4357 3044
3370 68
3328 1743
2017 3846
3732 335
2956 3888
2995 3530
1287 2256
2964 1956
959 1431
3540 1320
225 68
3616 3009
4362 4990
3287 1070
242 2503
2563 1729
3626 3297
3080 2879
1283 1493
538 2206
1307 4641
1852 3872
1222 2697
2244 4929
4749 294
3770 3890
4338 2841
3016 125
2827 3254
1932 3999
3836 2363
2061 3932
1757 2293
3630 2805
3444 3369
2248 2366
4973 1327
2182 587
3067 2907
1467 3112
2061 4090
312 1243
3501 1553
550 122
1754 4127
110 2038
214 2304
2751 1027
3996 95
4539 1182
1189 4786
4795 2362
1066 1379
514 3202
3826 4781
4478 2605
2758 4020
3543 2142
910 4055
4847 3023
637 1954
3921 2566
639 509
4924 1337
1341 3566
4502 3376
720 3635
2004 3194
3960 3555
21 4444
1518 289
513 1458
1472 112
2980 1055
3274 774
2428 3305
1235 2408
1107 1162
2388 239
4259 140
4554 3400
1360 456
1756 383
591 315
301 2943
512 246
177 1482
4197 4675
2599 1223
2284 3152
820 4719
2704 4899
2575 2490
1049 1610
3752 4834
1827 4667
4166 4116
2092 4194
2530 3078
162 3633
3994 959
3441 4743
4856 489
547 4214
301 38
4254 4306
2292 1475
2977 1187
947 530
4769 897
4042 2710
4091 4102
471 4065
2817 2065
4794 2342
3215 2507
1215 344
1900 273
1619 4516
4969 3986
3506 3071
831 1094
4945 4206
3438 6
4908 1186
4931 4212
3581 2364
2903 4582
3530 422
3796 2247
3811 1380
137 750
402 172
622 2378
2549 847
3263 4853
906 662
3094 796
4554 3652
2171 3645
279 442
837 4949
3709 2369
506 4197
3168 4195
4430 3620
3365 970
4206 1627
2260 842
981 4802
744 1845
1615 4633
961 1980
1266 1394
407 3133
149 3847
148 614
3434 4703
1780 1377
4533 2991
3978 215
3262 770
750 4474
1591 2858
4761 4082
991 4493
317 4951
1605 3096
1896 24
4710 1574
309 3548
1237 1807
4870 343
304 3274
1167 3117
3009 2960
316 2144
2974 3984
1780 2826
1351 1616
3139 2948
309 1601
1396 2683
202 1965
1699 1618
1927 725
581 3373
2188 3175
2062 4598
673 3664
1255 1398
4349 3054
1305 2473
388 4252
783 4542
436 4525
4897 1825
229 4481
125 2640
4767 4916
3128 2416
561 3940
1057 3660
2649 3051
1609 4679
409 2079
2448 105
2359 4175
835 2518
1469 3269
602 716
3688 2665
4803 1423
3687 4689
3666 2495
3051 2577
3703 1901
2396 2014
90 3044
156 992
663 3212
2016 2927
1162 3203
1234 4179
2559 2426
1321 3431
2597 18
3837 1566
4889 3785
262 1985
193 3
3195 2532
712 3382
3357 1445
4546 2733
134 1006
3638 4151
4644 3819
4831 4735
561 2875
4896 1170
4189 2837
1642 3698
1506 1213
4455 2278
1170 4333
3898 2995
3731 4316
1206 3996
3510 4434
4808 1517
902 1553
2216 2778
4079 571
1904 3820
318 2025
1033 1553
3459 292
1128 583
206 1045
64 1598
4270 2900
4987 4379
3582 4418
2005 4712
2060 3887
4775 762
3667 548
345 705
2750 2200
1847 4658
872 345
3921 205
1656 302
2960 2079
1342 4952
546 2772
4061 2054
4684 2145
2061 1280
4692 321
2353 3411
1861 4412
2528 359
4236 870
4727 928
139 1524
2984 3503
1276 2585
449 3074
2562 2171
4207 1278
1998 3151
1683 4368
226 4357
3873 295
616 4448
1877 2318
1994 3991
4474 2807
2369 2540
719 2179
3276 3775
2800 4120
580 2978
643 4524
3870 2419
985 2821
2780 1417
4914 618
4868 4160
4111 3813
894 4543
2260 620
4621 3599
4385 4164
488 1311
3076 4580
3770 842
1863 1771
4082 4500
2188 1265
4337 1963
1751 1831
3519 2579
3177 4784
2877 4776
3262 1135
1404 1884
4270 4035
2701 4916
30 159
1602 4105
791 4961
148 2237
2101 2983
3794 4093
4172 616
4931 2523
4472 12
2107 2975
2533 4046
4541 4505
2200 3514
2795 1578
2817 3984
2712 2199
2072 971
986 4173
4494 3357
1954 2550
837 1237
1497 2528
4825 600
138 3394
4 3519
3704 268
683 3790
1159 1724
2193 4159
477 2560
1949 2590
4646 2282
4061 1233
1181 1097
1458 3003
4744 1447
782 1968
3734 4404
1515 4941
2957 1450
2092 2964
731 3454
1970 2605
47 4892
4897 3229
4629 2593
4858 2680
2010 4580
2440 32
1994 782
596 340
95 3674
39 2563
1817 3149
755 3067
4903 1144
2376 3408
2879 2854
2378 2281
4538 2541
2360 2839
193 3269
3873 2783
1827 1085
1542 907
498 465
2462 11
594 4055
2100 2361
1821 1016
3196 111
1007 4507
384 4368
2103 117
4531 2814
3979 3285
2021 2054
1879 6
467 2131
4637 1365
3590 1850
1029 3709
4249 4861
4849 2492
849 2655
4589 4091
3628 1905
4817 1147
3533 4813
2623 3222
2693 2400
3733 815
1709 1896
4160 2052
252 662
4494 2568
3699 308
191 407
4792 940
2478 3964
561 1694
726 2284
985 4988
3395 3252
2134 3165
926 1474
2768 2441
179 3900
4643 337
1278 2483
2981 4013
3968 4422
4873 3179
1853 1778
4568 2500
4121 3529
901 4675
607 4335
3340 1600
2318 586
4386 2299
762 507
2304 2540
712 1385
4433 2303
2238 3202
2547 3528
4145 4228
3008 1815
2150 371
692 1997
1427 1323
1923 3752
4370 2812
2907 4684
680 493
1381 4544
3151 2285
486 505
3741 2198
81 4674
811 4942
1984 1250
4626 1871
1889 2021
4482 62
1920 89
2066 2561
4075 3030
1918 4110
1039 2889
1091 2893
2099 1682
1374 97
3141 2346
3692 341
977 1281
534 2261
3467 4930
3529 4810
3194 4055
4515 1056
3651 638
4720 2535
3193 3569
2923 3454
3233 563
4676 286
3413 4947
981 3562
2738 2275
1006 4895
1904 2911
4710 3549
3311 3018
2487 3084
1489 2629
180 4885
2921 708
4090 1615
504 3381
1819 4895
4123 2759
1074 2750
85 27
4785 3626
3384 2710
2140 20
3034 2302
1407 1020
1972 4669
1646 4308
4233 1907
1675 4409
3410 568
889 251
2626 2430
2807 1315
2486 235
3443 2941
4769 2064
2868 2565
827 4270
4568 4954
4932 4145
3459 721
4047 4741
4673 3679
1773 507
1462 3819
438 3689
1848 3968
1568 2636
4854 4421
1238 4449
3453 1091
3007 650
2574 3981
2459 777
1776 4012
3551 87
3465 2522
3273 3794
3745 3968
2350 1499
4271 3630
963 1745
4712 3372
4730 2869
1692 4749
2438 2564
1293 13
3236 4834
3514 2805
2309 4257
3269 1588
235 3724
3791 126
2527 3093
4559 527
2092 2406
2094 688
3586 4613
3245 4145
4902 3954
1819 1665
2282 2445
664 98
1778 3116
2566 296
1047 4939
4566 2155
1719 608
1567 1059
3828 4605
1324 1285
21 207
4191 3166
3548 373
2222 2049
263 3669
3499 3362
1111 2662
3787 4312
2852 3450
3871 4042
985 1255
2202 263
131 3243
3690 1680
3336 1000
1769 1749
3047 1331
2088 565
2731 310
2436 2924
4385 1745
4761 1859
3403 2485
1394 3203
3562 3241
3839 2958
1075 4840
3728 539
2985 1087
1821 2172
1349 651
2133 4
971 1661
4576 3715
4658 3910
697 2685
1229 4865
3400 3007
2779 1890
2737 4895
3905 4350
1142 2288
1910 533
2710 2691
3190 550
2388 1550
2308 2636
2176 1714
1487 1533
2710 4774
4491 3862
4827 2330
150 1668
1975 1481
1999 1556
580 89
1770 3090
1720 3603
723 1375
3731 1503
4042 4995
1585 2654
4795 1734
171 120
177 738
4814 2226
4034 1060
3668 2930
888 2742
2814 788
2963 2862
1205 2068
2935 226
3778 4803
1388 3609
2386 1837
4231 4740
370 2154
1530 3427
2906 1042
514 3517
1475 887
1730 4600
2073 639
3578 631
3008 3261
1715 2894
4408 1689
1067 978
2787 116
4419 1685
291 3634
2835 2055
4468 547
4376 3901
686 2879
3863 3566
547 1898
2666 1781
915 1686
3745 4833
4414 62
3437 4440
3501 2390
2728 17
1482 98
1972 3253
73 1914
4324 1161
4369 2158
4335 46
2332 1604
4479 4034
2148 2728
3567 3105
2080 2379
2302 1795
3655 1179
2451 989
314 186
2366 1471
4866 1633
2843 4166
377 1773
3558 3237
329 142
1551 4454
178 774
4506 2523
3663 2177
2797 2278
3469 4104
556 4922
2120 431
2222 1735
188 3669
2322 3915
206 2933
2467 3482
863 3387
788 1410
2368 1480
309 420
77 1520
3981 1088
4742 370
365 1208
4002 3326
204 4569
962 463
354 1576
1985 4011
2828 384
2035 3539
2922 3460
2206 2008
1655 763
275 1982
4032 1942
1396 2552
830 1237
2302 3763
2918 7
3610 1586
3330 3044
1102 2750
3591 1111
3077 4962
2007 3360
2152 4320
2925 4565
1099 2968
2192 3333
3601 1286
287 3722
2017 159
871 3931
523 137
3743 1989
3244 505
2414 4611
3225 2594
2820 1644
4357 2849
869 4783
4621 2472
2835 462
247 1677
3821 3106
1665 2858
778 1165
3338 3208
2812 4586
853 3603
2769 3674
4869 1782
323 483
2782 4125
3067 180
230 1577
3319 1042
772 1519
4650 3020
3373 3623
3356 1026
3550 3993
1353 377
274 3143
3251 3068
2005 4601
1565 4781
1463 2194
316 3830
4990 301
3498 4428
3618 2630
1150 2983
4200 1315
2011 2313
216 4371
3000 4987
3107 813
1999 3172
1254 3986
1677 3698
4957 4897
3341 3236
2024 3595
1042 4773
4831 2908
2421 2803
958 70
4047 902
768 3041
197 1617
1530 4564
348 4837
3950 3268
1843 2061
3224 2340
470 249
2953 2586
2948 164
1563 2918
1540 387
2053 2563
2285 4418
2203 538
4585 4549
3601 4205
1129 2410
4083 4926
3386 2377
4461 138
4154 263
1643 2382
4900 950
1503 2092
1877 4898
1108 2175
1242 4698
1169 3706
4677 4093
822 3251
3230 3129
3092 3646
3369 4373
660 1257
489 1362
2784 4029
1341 1698
489 871
3129 3479
3382 4165
3259 4969
2700 3455
4969 3689
1459 4609
328 2350
3800 6
3337 298
1900 1528
2118 393
63 4434
424 2499
1833 1376
4954 989
2254 2142
1208 4971
3630 886
1867 1116
4399 3924
2933 293
1968 2372
4107 413
1635 176
1154 4165
4948 4346
4219 1558
2108 414
2348 3448
4285 2442
683 3463
2945 3107
3079 2011
4556 661
4114 2278
279 830
735 4397
1505 2921
25 211
3344 716
819 2294
4425 4920
3156 2159
2626 231
808 3823
2583 1319
3359 149
2085 3259
576 639
729 3228
3053 597
429 1494
4369 2841
3648 1011
1233 4375
1457 1154
4359 1700
4786 2400
4052 4690
3466 4999
744 191
3937 925
1954 2780
2715 4667
3421 1347
3989 4648
3378 1420
955 3319
219 4419
1737 226
24 1239
2022 3600
1694 3853
2751 2265
3672 4849
2489 908
2483 1072
320 3008
4579 3793
1387 1979
4229 4081
3439 2315
1425 3297
3977 3785
59 4877
3880 2977
2828 4840
4600 2741
632 4674
2308 1321
421 1537
3576 4227
1745 1938
3472 3143
3488 1325
3172 2421
3504 3240
447 4949
169 2978
2633 450
1053 1915
2950 504
221 4920
2271 842
1875 4540
4708 2701
4344 1857
1620 1303
4642 217
4900 735
74 4220
1657 798
4642 2676
3649 2597
4225 421
1074 949
758 185
1585 2875
1914 1923
1626 2746
4012 3278
3468 868
2129 1117
2532 3561
2673 286
875 4015
4870 2022
3942 4490
3930 693
3944 1637
4851 3783
4469 2998
2120 1294
2190 3986
1764 1993
2777 873
3525 171
4372 1612
2102 2828
3237 2504
2730 3480
2434 43
2553 4980
645 3460
543 51
4499 4772
4945 4426
4001 4388
3474 3799
1934 1560
2764 1983
4346 225
4786 3952
467 2052
4231 3701
1676 4715
2095 3082
379 4707
1936 4046
898 244
1549 2959
745 1035
4043 1915
1868 2990
3550 3214
2753 2149
2051 4445
3476 3378
57 2811
2069 635
124 3654
1807 1852
3442 4332
278 2724
976 874
2350 4960
1905 1084
379 787
3324 4017
1286 1753
1464 2004
1348 1135
900 2635
822 487
4492 4387
1758 2135
3030 805
3601 653
4832 4422
2466 2637
1770 2822
1165 303
4461 542
3365 716
608 1705
1485 3703
1725 4586
4185 2725
4729 513
556 4287
1135 775
4378 2654
2839 1479
3048 2934
4721 2496
2043 1819
555 2951
2021 1544
4956 1904
1929 3841
355 4152
2711 1944
4234 2333
2498 4955
3095 2740
366 90
920 3523
2041 4626
1080 199
2150 588
1953 4652
3872 1471
2708 25
3115 1536
2018 193
567 4505
3665 3735
1226 4661
4279 3568
2283 4691
4696 4683
1453 784
2671 3630
4125 1807
925 4696
3928 589
762 3943
2585 1621
2748 3511
1157 707
2169 4887
1038 3382
3279 1035
4307 115
2541 3571
4304 2626
2371 2411
3538 1840
3106 1550
2271 4286
2185 901
2416 4986
776 371
2578 1126
4333 3579
1374 2065
4820 4916
2367 2473
3579 4835
246 1643
92 4570
4091 3279
3099 2695
4853 1302
1829 2190
387 3478
1312 2950
2664 907
2010 894
3014 2671
265 1103
2507 1194
2271 3663
846 108
587 2123
3352 2665
3392 751
1938 0
3000 3009
2150 4795
1339 4909
4648 2127
1398 3180
740 559
4872 4423
2819 2769
2482 2660
1815 1259
4717 3964
30 945
1966 3087
3949 1675
4295 3251
2906 4967
2335 1534
693 523
2022 3521
3492 4304
2177 2133
3725 1226
159 1822
687 1761
2067 528
70 3000
238 3109
742 968
2020 1122
3378 2246
44 159
1821 4184
505 2148
4264 4264
2157 1290
2625 409
23 3554
4717 272
4059 906
77 3817
4239 2691
1562 4738
4810 2840
1069 2493
1692 2822
3992 3032
3272 1519
3274 2484
1053 4438
160 4379
2912 938
17 2170
2950 4390
2829 136
3152 1447
4214 1934
3363 2835
4095 2370
2295 4353
1366 4160
3569 2988
4164 2760
2004 4327
1623 3530
1659 3690
4192 1804
3347 4635
904 2643
614 4792
3189 3337
4408 167
1087 2938
2940 349
3990 4372
4450 3297
4251 941
1875 4621
3280 241
4654 2534
990 4811
4148 894
689 54
413 4007
2789 1212
4309 3114
1942 2474
185 743
3452 2482
613 325
1082 1799
918 4773
4608 4132
2476 3927
1742 4358
28 2042
265 2645
4484 2746
2494 221
3949 132
438 3589
1974 913
1248 220
3236 3802
3831 48
3168 3557
3722 3282
4236 3337
4588 1362
2879 314
968 4078
2323 706
3101 2177
2770 1641
967 979
1688 3543
885 1815
3184 2948
4283 4330
1702 1929
4511 3946
1528 1546
3778 32
4832 2996
3607 1583
2232 1395
3391 3442
1124 3335
2918 2382
3252 679
983 3575
4251 4223
3428 4258
4157 2184
238 2634
4115 4659
2543 1314
760 1491
1632 838
1021 2213
3347 79
1321 2983
2461 1570
1410 1693
2902 1061
4315 3664
932 1838
150 1611
4631 615
2752 4786
4320 3043
4397 3479
4747 3118
68 1298
1183 2065
4012 3902
2754 3460
2577 4098
2641 2662
3548 4493
1004 4845
3486 102
2720 2172
789 4598
3326 1911
3467 125
2751 3543
1862 1832
2707 4153
2799 4575
4845 2659
2904 429
3041 4665
68 1960
4414 994
3297 2404
4940 4193
2431 201
1769 3563
462 1528
607 499
2442 772
2770 2201
1214 113
2771 3041
1441 632
3547 4143
4685 3617
2687 2962
4504 1992
4274 920
1807 3048
2192 3390
1958 4876
2016 2571
1353 198
4835 59
2458 2503
2630 2161
2548 670
1055 2233
2622 4484
1734 617
4236 4738
2435 3944
3235 2824
4733 1875
617 1000
9 552
2016 741
914 3337
3537 2858
1637 602
2934 4298
1601 1644
1348 2804
3440 3007
2109 1848
2367 3760
4327 4519
296 4537
253 1284
4318 3368
1658 2786
405 2621
1691 114
4433 2578
4980 1212
3907 3463
4933 3339
4968 3951
3491 2769
572 470
4812 4143
1923 2830
618 3142
1544 2990
1190 2407
2573 4989
2251 1888
157 368
4216 1019
2056 4592
1539 1417
1801 1309
1156 10
4031 2460
243 3773
2862 3556
4781 3494
394 4662
1661 238
3721 3883
3316 4429
55 1406
108 3740
812 3392
1958 2179
1783 1252
1959 4082
2743 3133
946 2899
1107 628
3261 976
490 30
205 2727
1287 3670
3899 4894
1633 3124
547 3790
3339 2365
3331 728
3679 120
1429 3023
129 2011
2879 4270
1424 4256
286 3799
4528 1988
4593 1492
3397 1483
3417 372
1626 1844
1665 649
2352 2949
3434 134
14 2687
413 2194
4834 2807
3280 3683
2126 3899
3828 1497
4797 1329
1801 2703
3641 155
1678 4387
1292 3332
887 661
1949 3755
2182 497
216 1921
4173 1305
3687 2276
238 4430
120 2537
2303 4991
1321 1526
2222 4733
2084 2330
4754 2810
3809 3818
2344 682
3651 4827
3227 3530
1312 1551
563 1882
1829 4932
1598 3354
3977 1112
2081 683
144 4222
2430 3487
4776 2079
3374 2399
4770 1563
51 520
1411 1746
4810 3349
4714 4043
191 4618
2284 4957
4815 1704
1058 3203
1185 532
1521 4251
605 1152
277 1600
1735 1410
3068 321
481 2371
1608 4665
237 437
3842 2787
2688 2315
3485 2882
671 268
952 1278
832 1315
4040 4282
49 295
2973 1831
867 2991
660 2240
2431 1705
292 3597
4636 1977
3615 3596
4500 367
4512 865
4977 4458
3737 2078
2703 2525
1916 396
2401 1519
4174 2045
1948 3302
998 4065
3313 304
1196 2538
872 3017
4057 1828
4818 3000
4073 1648
3666 1322
2846 4985
1070 3613
4006 1190
3459 4137
3293 4771
1197 2574
2126 1696
2279 3414
4282 1247
3780 4152
1555 2717
2555 4698
487 2512
2901 1673
3533 3438
202 2514
4285 4227
749 563
2595 3605
4257 3556
1718 4441
1789 4193
827 4768
3079 2696
2522 3745
3495 2545
1173 1830
2113 1800
4223 729
3647 3685
4807 4914
3217 1359
287 2751
4186 3047
2572 1541
552 4936
2336 2023
1633 539
476 4122
3028 1416
1434 2010
4076 450
4250 2756
3324 79
3422 4132
4709 4176
2977 3350
3461 3478
3323 4794
1944 758
1772 1042
1940 3136
3814 2713
1080 230
3533 3947
2444 3046
2749 1567
2532 4784
4753 2205
4104 995
4754 2957
1631 2741
386 2349
3321 2693
1883 4673
4979 339
2793 1980
2158 3715
3330 4282
3367 1337
4729 4760
3288 4258
4211 3022
1262 4419
1414 713
1511 1710
3409 14
2847 3427
1648 1842
1830 1029
470 1781
4633 390
3000 3055
4085 2939
1579 2081
4624 1383
1057 3405
4160 4932
4584 2058
3055 180
2732 2644
1743 90
3087 695
4682 4734
3638 3089
4656 3716
4603 590
2643 1462
4526 1796
4738 2774
2772 4041
3873 2346
1777 3056
300 3146
3643 4435
1094 4844
1970 1191
139 4704
1008 2966
1353 4616
500 3676
4113 4185
817 651
1134 1058
4264 4561
277 890
4637 667
3023 655
3413 3214
3592 185
2181 993
3948 3142
2157 3375
1178 4823
2907 2375
4965 479
3640 2519
4151 4072
1664 1592
2622 3636
3879 1533
1002 662
3414 45
1877 2194
4757 4709
2556 536
2008 2649
579 1759
1087 46
3480 423
3033 2045
515 4184
1733 4862
363 3215
709 3119
16 606
4797 1727
1353 1165
3861 2839
3127 2299
1866 4699
2356 1887
948 400
341 4330
1322 879
4806 2180
4151 2680
891 2042
719 2276
4983 4655
2534 17
1612 333
3212 2983
4910 2179
4252 2291
2355 759
3061 1668
4796 133
2839 317
2975 1448
188 4381
2056 1478
2544 2559
1872 4821
3801 2661
1885 4637
2736 2149
1099 3132
82 1970
4395 4188
1376 4219
3036 1817
3930 432
3320 4369
2538 3554
3616 653
4775 2884
1274 400
3006 2542
2125 2738
1452 244
1583 2608
2930 4454
2556 1275
1132 4186
1671 3376
537 2022
1533 4168
2327 2131
3012 1895
915 1339
2788 1444
1942 2551
2640 1733
3852 1066
3211 468
1406 583
1232 1219
743 1953
453 3983
1853 3957
2741 1633
555 1676
2101 962
3370 4236
598 3212
4857 4982
1406 270
3311 3371
479 3969
1909 4145
4579 2133
3666 561
4628 1325
4821 4742
4650 2433
2499 4436
2747 1551
3767 1735
1886 4801
4445 546
4445 2026
2266 867
775 533
271 4161
3255 1300
2520 372
3570 1314
499 3390
2208 1981
4822 2996
397 4754
3092 2605
974 1426
1024 3331
923 2739
201 1186
4558 246
2060 460
2591 2590
3975 2568
3570 3624
4545 920
416 1042
1438 3611
1048 449
1424 1969
3336 1030
3419 4274
846 256
1692 174
2139 1284
2554 2611
2586 2983
4173 303
3942 3749
345 65
3172 1540
358 4537
3238 3802
3283 2092
4867 2191
1316 1993
4499 3294
3034 4082
4929 2741
3655 3553
1352 1398
687 2603
1815 3552
4553 2015
2305 3272
65 1955
2944 1353
851 2551
3049 1531
96 1030
4021 873
2207 3475
309 536
1253 493
4929 4288
3310 2334
2268 3496
1045 274
2176 3472
165 2296
